0,58
0,107
0,171
58,107
58,171
107,171
107,348
107,353
107,363
107,366
107,376
107,389
107,414
107,420
107,428
107,475
107,483
107,484
107,517
107,526
107,538
107,563
107,566
107,580
107,596
107,601
107,606
107,629
107,637
107,641
107,649
107,651
107,896
107,897
107,898
107,899
107,900
107,901
107,902
107,903
107,904
107,905
107,906
107,907
107,908
107,909
107,910
107,911
107,912
107,913
107,914
107,915
107,916
107,917
107,918
107,919
107,920
107,921
107,922
107,923
107,924
107,925
107,926
107,927
107,928
107,929
107,930
107,931
107,932
107,933
107,934
107,935
107,936
107,937
107,938
107,939
107,940
107,941
107,942
107,943
107,944
107,945
107,946
107,947
107,948
107,949
107,950
107,951
107,952
107,953
107,954
107,955
107,956
107,957
107,958
107,959
107,960
107,961
107,962
107,963
107,964
107,965
107,966
107,967
107,968
107,969
107,970
107,971
107,972
107,973
107,974
107,975
107,976
107,977
107,978
107,979
107,980
107,981
107,982
107,983
107,984
107,985
107,986
107,987
107,988
107,989
107,990
107,991
107,992
107,993
107,994
107,995
107,996
107,997
107,998
107,999
107,1000
107,1001
107,1002
107,1003
107,1004
107,1005
107,1006
107,1007
107,1008
107,1009
107,1010
107,1011
107,1012
107,1013
107,1014
107,1015
107,1016
107,1017
107,1018
107,1019
107,1020
107,1021
107,1022
107,1023
107,1024
107,1025
107,1026
107,1027
107,1028
107,1029
107,1030
107,1031
107,1032
107,1033
107,1034
107,1035
107,1036
107,1037
107,1038
107,1039
107,1040
107,1041
107,1042
107,1043
107,1044
107,1045
107,1046
107,1047
107,1048
107,1049
107,1050
107,1051
107,1052
107,1053
107,1054
107,1056
107,1059
107,1063
107,1068
107,1069
107,1074
107,1075
107,1076
107,1078
107,1079
107,1083
107,1086
107,1091
107,1092
107,1101
107,1107
107,1110
107,1112
107,1114
107,1116
107,1117
107,1123
107,1124
107,1125
107,1126
107,1128
107,1130
107,1132
107,1135
107,1146
107,1149
107,1153
107,1156
107,1160
107,1163
107,1164
107,1172
107,1173
107,1175
107,1180
107,1181
107,1182
107,1184
107,1185
107,1191
107,1195
107,1196
107,1198
107,1199
107,1201
107,1205
107,1207
107,1209
107,1211
107,1214
107,1217
107,1219
107,1220
107,1222
107,1230
107,1237
107,1238
107,1239
107,1242
107,1243
107,1250
107,1255
107,1256
107,1265
107,1267
107,1269
107,1271
107,1272
107,1278
107,1280
107,1283
107,1285
107,1287
107,1288
107,1289
107,1290
107,1291
107,1293
107,1294
107,1302
107,1305
107,1312
107,1323
107,1327
107,1329
107,1330
107,1331
107,1334
107,1335
107,1336
107,1339
107,1340
107,1341
107,1344
107,1351
107,1352
107,1357
107,1359
107,1361
107,1365
107,1367
107,1369
107,1370
107,1375
107,1376
107,1377
107,1380
107,1385
107,1388
107,1389
107,1390
107,1391
107,1393
107,1398
107,1399
107,1401
107,1402
107,1405
107,1407
107,1409
107,1411
107,1416
107,1420
107,1422
107,1431
107,1435
107,1437
107,1439
107,1440
107,1441
107,1447
107,1449
107,1456
107,1457
107,1458
107,1460
107,1463
107,1467
107,1470
107,1471
107,1480
107,1483
107,1484
107,1485
107,1488
107,1491
107,1498
107,1509
107,1513
107,1516
107,1517
107,1519
107,1520
107,1522
107,1523
107,1524
107,1528
107,1530
107,1532
107,1535
107,1537
107,1538
107,1539
107,1540
107,1542
107,1544
107,1547
107,1551
107,1553
107,1554
107,1556
107,1557
107,1559
107,1563
107,1570
107,1571
107,1572
107,1580
107,1584
107,1589
107,1590
107,1597
107,1598
107,1600
107,1603
107,1604
107,1605
107,1608
107,1609
107,1610
107,1612
107,1613
107,1614
107,1617
107,1618
107,1619
107,1620
107,1621
107,1622
107,1623
107,1626
107,1632
107,1637
107,1639
107,1643
107,1644
107,1646
107,1651
107,1652
107,1653
107,1656
107,1659
107,1662
107,1663
107,1665
107,1668
107,1669
107,1674
107,1675
107,1683
107,1685
107,1688
107,1689
107,1700
107,1707
107,1710
107,1712
107,1714
107,1717
107,1718
107,1721
107,1722
107,1723
107,1724
107,1730
107,1734
107,1735
107,1736
107,1737
107,1741
107,1745
107,1746
107,1750
107,1752
107,1753
107,1754
107,1757
107,1761
107,1765
107,1768
107,1769
107,1771
107,1772
107,1774
107,1775
107,1780
107,1782
107,1789
107,1791
107,1793
107,1795
107,1796
107,1799
107,1800
107,1804
107,1805
107,1809
107,1810
107,1811
107,1813
107,1816
107,1819
107,1821
107,1823
107,1826
107,1827
107,1832
107,1833
107,1835
107,1836
107,1839
107,1842
107,1843
107,1845
107,1846
107,1849
107,1851
107,1852
107,1860
107,1861
107,1863
107,1864
107,1867
107,1868
107,1874
107,1877
107,1879
107,1881
107,1885
107,1886
107,1888
107,1891
107,1898
107,1900
107,1902
107,1909
171,904
348,353
348,363
348,366
348,376
348,389
348,414
348,420
348,428
348,475
348,483
348,484
348,517
348,526
348,538
348,563
348,566
348,1025
353,363
353,366
353,376
353,420
353,428
353,475
353,483
353,484
353,517
353,526
353,538
353,566
353,580
353,601
353,606
353,637
353,641
353,651
353,930
353,936
353,976
353,1012
353,1075
353,1114
353,1237
353,1881
363,366
363,376
363,414
363,475
363,483
363,484
363,517
363,526
363,538
363,566
363,580
363,606
363,637
363,651
363,936
363,976
363,1237
366,376
366,428
366,475
366,483
366,484
366,517
366,526
366,538
366,566
366,580
366,606
366,637
366,651
366,930
366,936
366,976
366,1001
366,1012
366,1237
376,414
376,420
376,428
376,475
376,483
376,517
376,526
376,538
376,563
376,566
376,580
376,606
376,637
376,651
376,1357
389,949
389,1010
389,1013
389,1037
389,1041
389,1385
389,1745
414,428
414,475
414,483
414,563
414,566
414,580
414,596
414,601
414,606
414,629
414,637
414,641
414,649
414,651
420,483
420,484
420,563
420,566
420,596
420,936
420,1237
428,475
428,484
428,517
428,526
428,563
428,601
428,606
428,641
428,651
428,915
428,930
428,962
428,1013
428,1114
428,1237
475,483
475,484
475,517
475,563
475,566
475,580
475,606
475,641
475,651
475,930
475,1237
475,1435
483,484
483,517
483,526
483,538
483,563
483,566
483,580
483,596
483,601
483,606
483,637
483,641
483,651
483,896
483,917
483,919
483,930
483,933
483,936
483,942
483,948
483,954
483,962
483,976
483,984
483,1001
483,1012
483,1014
483,1018
483,1020
483,1025
483,1032
483,1086
483,1114
483,1237
483,1294
483,1357
483,1881
484,517
484,526
484,538
484,566
484,580
484,606
484,637
484,651
484,913
484,936
484,953
484,968
484,1001
484,1029
484,1114
484,1160
484,1173
484,1217
484,1237
484,1238
484,1357
484,1422
484,1598
484,1604
484,1620
484,1813
484,1885
517,526
517,538
517,566
517,580
517,601
517,606
517,637
517,651
517,905
517,936
517,976
517,1025
517,1114
517,1237
526,538
526,566
526,606
526,637
526,651
526,906
526,968
526,993
526,1012
526,1049
526,1054
526,1074
526,1075
526,1078
526,1110
526,1114
526,1128
526,1191
526,1209
526,1217
526,1237
526,1242
526,1250
526,1265
526,1278
526,1290
526,1329
526,1334
526,1344
526,1357
526,1367
526,1377
526,1393
526,1407
526,1416
526,1435
526,1519
526,1528
526,1540
526,1557
526,1584
526,1600
526,1609
526,1620
526,1644
526,1688
526,1710
526,1724
526,1730
526,1754
526,1768
526,1791
526,1800
526,1861
526,1864
538,566
538,580
538,606
538,637
538,651
538,948
538,1025
538,1114
538,1237
563,566
563,1013
563,1217
563,1688
563,1745
566,580
566,637
566,651
566,936
566,968
566,1128
566,1237
566,1435
580,601
580,606
580,637
580,641
580,930
580,931
580,936
580,976
580,1025
580,1237
580,1294
580,1881
596,917
596,1019
596,1022
596,1032
596,1086
596,1688
601,629
601,637
601,976
606,641
606,905
606,915
606,917
606,936
606,963
606,968
606,1001
606,1012
606,1052
606,1086
606,1110
606,1334
606,1357
606,1620
606,1674
629,637
629,641
637,641
637,896
637,936
637,957
637,968
637,1001
637,1012
637,1018
637,1025
637,1086
637,1128
637,1584
641,651
641,915
641,930
641,962
641,1086
641,1114
641,1237
641,1881
649,1023
651,905
651,936
651,1001
651,1011
651,1012
651,1357
896,902
896,954
896,957
896,975
896,981
896,984
896,988
896,989
896,994
896,1007
896,1009
896,1014
896,1015
896,1018
896,1019
896,1021
896,1032
896,1036
896,1044
897,922
897,927
897,947
897,953
897,967
897,991
897,995
897,1029
897,1074
897,1083
897,1123
897,1160
897,1173
897,1191
897,1205
897,1214
897,1219
897,1256
897,1280
897,1305
897,1312
897,1323
897,1329
897,1331
897,1361
897,1376
897,1388
897,1398
897,1409
897,1420
897,1447
897,1449
897,1458
897,1460
897,1467
897,1470
897,1480
897,1483
897,1513
897,1519
897,1522
897,1530
897,1535
897,1553
897,1570
897,1590
897,1612
897,1620
897,1639
897,1741
897,1765
897,1768
897,1769
897,1782
897,1791
897,1799
897,1805
897,1835
897,1842
897,1846
897,1861
897,1863
897,1888
898,917
898,919
898,942
898,969
898,971
898,1014
898,1020
900,908
900,919
900,1014
900,1553
901,903
901,938
901,958
901,963
901,992
902,957
902,975
902,981
902,1019
902,1036
903,917
903,963
903,992
905,1001
905,1114
905,1217
905,1237
905,1422
906,925
906,966
906,1003
906,1048
906,1049
906,1054
906,1059
906,1075
906,1078
906,1110
906,1116
906,1126
906,1128
906,1175
906,1184
906,1199
906,1205
906,1209
906,1222
906,1242
906,1243
906,1250
906,1256
906,1269
906,1278
906,1323
906,1344
906,1352
906,1367
906,1375
906,1376
906,1377
906,1390
906,1407
906,1431
906,1471
906,1480
906,1520
906,1528
906,1547
906,1551
906,1554
906,1557
906,1570
906,1572
906,1600
906,1609
906,1620
906,1622
906,1623
906,1644
906,1652
906,1653
906,1659
906,1663
906,1688
906,1689
906,1724
906,1730
906,1737
906,1746
906,1757
906,1768
906,1771
906,1795
906,1796
906,1800
906,1804
906,1811
906,1816
906,1827
906,1861
906,1867
906,1877
906,1888
906,1891
907,948
907,980
907,1047
907,1172
907,1420
907,1685
907,1730
907,1734
907,1845
908,950
908,1033
908,1327
908,1537
909,955
909,1030
909,1043
909,1045
910,912
912,1357
912,1422
913,914
913,968
913,1052
913,1068
913,1135
913,1173
913,1217
913,1222
913,1238
913,1357
913,1377
913,1620
913,1646
913,1675
913,1688
913,1813
913,1867
913,1881
913,1885
914,915
914,1052
914,1217
914,1885
915,930
915,948
915,962
915,1110
915,1294
915,1881
916,925
916,946
916,947
916,952
916,960
916,966
916,967
916,972
916,978
916,982
916,983
916,993
916,999
916,1004
916,1006
916,1017
916,1026
916,1028
916,1040
916,1047
916,1063
916,1069
916,1076
916,1078
916,1079
916,1086
916,1092
916,1125
916,1149
916,1153
916,1156
916,1163
916,1172
916,1175
916,1182
916,1184
916,1191
916,1199
916,1207
916,1211
916,1214
916,1222
916,1230
916,1238
916,1250
916,1255
916,1256
916,1267
916,1269
916,1271
916,1280
916,1285
916,1287
916,1288
916,1289
916,1290
916,1293
916,1294
916,1302
916,1305
916,1312
916,1329
916,1330
916,1331
916,1335
916,1361
916,1365
916,1370
916,1376
916,1380
916,1390
916,1399
916,1402
916,1409
916,1431
916,1456
916,1471
916,1483
916,1509
916,1516
916,1522
916,1523
916,1524
916,1530
916,1547
916,1551
916,1554
916,1557
916,1559
916,1563
916,1571
916,1580
916,1584
916,1589
916,1597
916,1598
916,1605
916,1610
916,1612
916,1613
916,1614
916,1617
916,1619
916,1621
916,1622
916,1623
916,1632
916,1637
916,1643
916,1662
916,1663
916,1665
916,1668
916,1685
916,1707
916,1712
916,1717
916,1718
916,1730
916,1735
916,1736
916,1746
916,1750
916,1752
916,1753
916,1754
916,1768
916,1791
916,1793
916,1796
916,1799
916,1800
916,1804
916,1809
916,1823
916,1827
916,1835
916,1839
916,1849
916,1861
916,1864
916,1868
916,1879
916,1888
916,1900
916,1902
917,919
917,933
917,938
917,942
917,944
917,954
917,957
917,964
917,965
917,969
917,984
917,992
917,1007
917,1014
917,1018
917,1020
917,1032
917,1037
917,1042
917,1051
917,1052
917,1086
917,1217
919,942
919,1020
919,1032
920,921
920,1182
920,1334
920,1369
920,1376
920,1447
920,1484
920,1584
920,1782
920,1860
921,925
921,927
921,934
921,952
921,967
921,980
921,993
921,995
921,1026
921,1048
921,1049
921,1059
921,1078
921,1124
921,1126
921,1128
921,1135
921,1146
921,1164
921,1182
921,1185
921,1195
921,1199
921,1222
921,1230
921,1243
921,1255
921,1269
921,1272
921,1290
921,1291
921,1312
921,1323
921,1329
921,1334
921,1341
921,1352
921,1361
921,1367
921,1369
921,1375
921,1376
921,1377
921,1389
921,1390
921,1391
921,1393
921,1399
921,1407
921,1420
921,1431
921,1467
921,1471
921,1509
921,1516
921,1520
921,1522
921,1535
921,1540
921,1551
921,1554
921,1557
921,1563
921,1570
921,1584
921,1589
921,1603
921,1608
921,1612
921,1613
921,1621
921,1622
921,1639
921,1643
921,1663
921,1669
921,1675
921,1683
921,1685
921,1689
921,1714
921,1718
921,1730
921,1734
921,1735
921,1750
921,1753
921,1757
921,1761
921,1765
921,1768
921,1793
921,1813
921,1823
921,1826
921,1827
921,1833
921,1835
921,1842
921,1845
921,1864
921,1888
921,1891
922,946
922,991
922,1123
922,1130
922,1199
922,1305
922,1312
922,1341
922,1398
922,1399
922,1449
922,1458
922,1467
922,1480
922,1590
922,1614
922,1626
922,1662
922,1780
922,1800
922,1805
922,1839
922,1846
922,1863
922,1909
923,961
923,1369
924,940
924,954
924,974
924,1000
924,1010
924,1035
924,1037
924,1051
924,1745
925,927
925,946
925,967
925,978
925,980
925,993
925,999
925,1003
925,1004
925,1017
925,1047
925,1048
925,1049
925,1054
925,1059
925,1075
925,1076
925,1079
925,1086
925,1092
925,1110
925,1112
925,1124
925,1125
925,1126
925,1132
925,1146
925,1149
925,1172
925,1175
925,1180
925,1181
925,1184
925,1185
925,1196
925,1198
925,1199
925,1209
925,1211
925,1214
925,1222
925,1242
925,1243
925,1250
925,1265
925,1267
925,1269
925,1290
925,1291
925,1302
925,1312
925,1323
925,1334
925,1335
925,1339
925,1340
925,1344
925,1352
925,1365
925,1367
925,1375
925,1376
925,1377
925,1390
925,1399
925,1416
925,1420
925,1431
925,1449
925,1456
925,1460
925,1471
925,1485
925,1491
925,1509
925,1516
925,1520
925,1523
925,1524
925,1530
925,1538
925,1539
925,1547
925,1551
925,1554
925,1557
925,1559
925,1563
925,1570
925,1572
925,1584
925,1589
925,1590
925,1597
925,1598
925,1600
925,1608
925,1610
925,1612
925,1613
925,1614
925,1617
925,1618
925,1620
925,1621
925,1622
925,1623
925,1632
925,1637
925,1639
925,1643
925,1644
925,1653
925,1659
925,1663
925,1668
925,1669
925,1675
925,1683
925,1688
925,1689
925,1710
925,1714
925,1717
925,1718
925,1721
925,1724
925,1730
925,1734
925,1735
925,1736
925,1737
925,1746
925,1750
925,1752
925,1753
925,1757
925,1768
925,1769
925,1771
925,1774
925,1793
925,1795
925,1796
925,1799
925,1800
925,1804
925,1811
925,1813
925,1819
925,1827
925,1833
925,1835
925,1836
925,1842
925,1861
925,1867
925,1877
925,1879
925,1886
925,1888
925,1891
925,1909
926,946
926,960
926,997
926,1026
926,1056
926,1191
926,1255
926,1256
926,1280
926,1409
926,1509
926,1604
926,1605
926,1608
926,1663
926,1722
926,1782
926,1810
926,1835
927,946
927,947
927,967
927,980
927,993
927,1026
927,1048
927,1124
927,1146
927,1153
927,1175
927,1182
927,1185
927,1195
927,1214
927,1243
927,1255
927,1265
927,1269
927,1290
927,1312
927,1329
927,1334
927,1352
927,1367
927,1369
927,1376
927,1377
927,1405
927,1420
927,1460
927,1467
927,1513
927,1520
927,1528
927,1530
927,1551
927,1554
927,1563
927,1570
927,1584
927,1589
927,1590
927,1603
927,1608
927,1609
927,1612
927,1613
927,1621
927,1639
927,1663
927,1669
927,1675
927,1724
927,1730
927,1736
927,1750
927,1765
927,1768
927,1782
927,1791
927,1799
927,1811
927,1819
927,1827
927,1835
927,1846
927,1851
927,1888
930,948
930,962
930,976
930,1294
930,1881
931,939
932,953
932,980
932,982
932,995
932,997
932,1026
932,1029
932,1056
932,1074
932,1107
932,1156
932,1172
932,1173
932,1191
932,1205
932,1211
932,1238
932,1256
932,1269
932,1302
932,1329
932,1330
932,1331
932,1370
932,1388
932,1399
932,1409
932,1420
932,1440
932,1447
932,1483
932,1488
932,1509
932,1517
932,1535
932,1571
932,1580
932,1589
932,1604
932,1605
932,1620
932,1622
932,1659
932,1663
932,1665
932,1669
932,1675
932,1685
932,1722
932,1730
932,1734
932,1741
932,1754
932,1775
932,1813
932,1827
932,1843
932,1845
932,1864
932,1898
932,1902
933,941
933,942
933,971
933,1014
934,952
934,980
934,993
934,1026
934,1048
934,1076
934,1079
934,1086
934,1126
934,1128
934,1146
934,1175
934,1185
934,1199
934,1211
934,1243
934,1267
934,1269
934,1291
934,1302
934,1305
934,1329
934,1334
934,1352
934,1367
934,1376
934,1377
934,1390
934,1391
934,1399
934,1420
934,1431
934,1456
934,1467
934,1471
934,1491
934,1509
934,1516
934,1522
934,1538
934,1551
934,1559
934,1584
934,1589
934,1597
934,1603
934,1608
934,1610
934,1612
934,1613
934,1621
934,1637
934,1643
934,1663
934,1668
934,1675
934,1707
934,1714
934,1721
934,1730
934,1746
934,1750
934,1753
934,1757
934,1761
934,1768
934,1791
934,1793
934,1795
934,1799
934,1800
934,1804
934,1823
934,1827
934,1833
934,1835
934,1888
934,1902
935,1007
935,1393
936,1001
936,1012
936,1114
936,1237
938,992
941,942
941,945
941,954
941,969
941,971
941,984
941,1020
941,1032
942,954
942,969
942,971
942,984
942,1014
942,1018
942,1020
942,1032
943,1042
943,1051
944,965
944,977
944,1011
944,1041
944,1051
946,947
946,952
946,960
946,966
946,967
946,968
946,991
946,993
946,1003
946,1004
946,1006
946,1024
946,1026
946,1028
946,1048
946,1059
946,1076
946,1078
946,1079
946,1083
946,1086
946,1092
946,1112
946,1123
946,1125
946,1126
946,1132
946,1146
946,1149
946,1153
946,1163
946,1172
946,1181
946,1182
946,1184
946,1185
946,1196
946,1199
946,1207
946,1209
946,1211
946,1238
946,1242
946,1243
946,1250
946,1255
946,1267
946,1272
946,1287
946,1289
946,1302
946,1305
946,1312
946,1330
946,1331
946,1339
946,1344
946,1352
946,1361
946,1365
946,1367
946,1369
946,1370
946,1375
946,1376
946,1377
946,1390
946,1391
946,1398
946,1399
946,1402
946,1405
946,1416
946,1420
946,1431
946,1449
946,1456
946,1467
946,1480
946,1485
946,1488
946,1491
946,1509
946,1516
946,1522
946,1530
946,1532
946,1538
946,1539
946,1547
946,1554
946,1557
946,1559
946,1563
946,1570
946,1580
946,1584
946,1589
946,1590
946,1597
946,1598
946,1603
946,1608
946,1610
946,1612
946,1614
946,1617
946,1619
946,1621
946,1623
946,1632
946,1637
946,1653
946,1662
946,1663
946,1668
946,1683
946,1689
946,1700
946,1707
946,1712
946,1714
946,1717
946,1721
946,1730
946,1735
946,1736
946,1737
946,1741
946,1746
946,1750
946,1752
946,1753
946,1757
946,1761
946,1768
946,1782
946,1791
946,1793
946,1799
946,1800
946,1804
946,1810
946,1816
946,1819
946,1823
946,1826
946,1827
946,1833
946,1835
946,1836
946,1839
946,1846
946,1849
946,1867
946,1868
946,1879
946,1886
946,1888
946,1902
947,978
947,993
947,999
947,1017
947,1028
947,1049
947,1059
947,1078
947,1079
947,1086
947,1101
947,1126
947,1128
947,1132
947,1135
947,1156
947,1184
947,1185
947,1199
947,1211
947,1230
947,1242
947,1243
947,1250
947,1267
947,1269
947,1272
947,1287
947,1291
947,1302
947,1305
947,1329
947,1341
947,1352
947,1365
947,1367
947,1376
947,1377
947,1390
947,1391
947,1399
947,1416
947,1420
947,1431
947,1449
947,1467
947,1471
947,1491
947,1509
947,1516
947,1522
947,1528
947,1539
947,1551
947,1559
947,1563
947,1584
947,1589
947,1590
947,1597
947,1598
947,1603
947,1604
947,1608
947,1610
947,1612
947,1613
947,1614
947,1617
947,1621
947,1622
947,1637
947,1639
947,1653
947,1663
947,1668
947,1669
947,1683
947,1714
947,1717
947,1721
947,1730
947,1735
947,1746
947,1750
947,1752
947,1754
947,1757
947,1761
947,1765
947,1768
947,1782
947,1795
947,1799
947,1800
947,1804
947,1813
947,1816
947,1823
947,1827
947,1832
947,1833
947,1835
947,1845
947,1864
947,1867
947,1886
947,1888
948,1012
948,1025
948,1237
948,1881
949,1041
949,1052
950,1537
951,973
951,1033
951,1327
951,1523
951,1540
951,1618
951,1656
951,1718
951,1852
952,967
952,993
952,1004
952,1017
952,1028
952,1054
952,1059
952,1076
952,1078
952,1086
952,1126
952,1128
952,1149
952,1156
952,1184
952,1185
952,1199
952,1211
952,1230
952,1250
952,1267
952,1269
952,1290
952,1291
952,1302
952,1341
952,1352
952,1365
952,1367
952,1376
952,1377
952,1390
952,1391
952,1399
952,1420
952,1431
952,1467
952,1491
952,1516
952,1522
952,1530
952,1539
952,1554
952,1557
952,1572
952,1584
952,1589
952,1597
952,1603
952,1608
952,1612
952,1617
952,1621
952,1622
952,1662
952,1663
952,1689
952,1707
952,1714
952,1717
952,1730
952,1735
952,1736
952,1746
952,1750
952,1752
952,1757
952,1761
952,1791
952,1793
952,1799
952,1800
952,1810
952,1823
952,1827
952,1833
952,1849
952,1886
952,1888
953,978
953,993
953,995
953,997
953,1029
953,1040
953,1047
953,1056
953,1059
953,1078
953,1083
953,1086
953,1107
953,1117
953,1124
953,1135
953,1156
953,1160
953,1163
953,1172
953,1173
953,1191
953,1199
953,1201
953,1205
953,1214
953,1222
953,1230
953,1238
953,1243
953,1256
953,1271
953,1280
953,1289
953,1323
953,1330
953,1331
953,1336
953,1359
953,1361
953,1370
953,1377
953,1389
953,1390
953,1391
953,1409
953,1431
953,1447
953,1456
953,1470
953,1471
953,1483
953,1488
953,1509
953,1517
953,1520
953,1530
953,1551
953,1553
953,1559
953,1563
953,1571
953,1580
953,1589
953,1590
953,1604
953,1605
953,1609
953,1610
953,1613
953,1619
953,1620
953,1621
953,1622
953,1637
953,1662
953,1663
953,1665
953,1675
953,1685
953,1688
953,1707
953,1714
953,1717
953,1722
953,1730
953,1736
953,1741
953,1768
953,1791
953,1793
953,1800
953,1804
953,1809
953,1813
953,1826
953,1842
953,1849
953,1861
953,1868
953,1888
953,1898
953,1902
954,969
954,971
954,984
954,1014
954,1018
954,1020
954,1032
955,1030
955,1043
955,1045
956,979
956,1016
957,975
957,981
957,1036
959,960
959,972
959,983
959,1006
959,1029
959,1039
959,1040
959,1063
959,1069
959,1078
959,1107
959,1132
959,1153
959,1160
959,1163
959,1199
959,1201
959,1205
959,1207
959,1238
959,1256
959,1271
959,1285
959,1288
959,1330
959,1359
959,1370
959,1380
959,1391
959,1402
959,1409
959,1447
959,1456
959,1457
959,1483
959,1519
959,1551
959,1598
959,1604
959,1619
959,1663
959,1809
959,1832
959,1868
959,1898
960,966
960,972
960,982
960,997
960,998
960,1006
960,1017
960,1024
960,1040
960,1059
960,1068
960,1069
960,1078
960,1083
960,1086
960,1091
960,1101
960,1107
960,1123
960,1125
960,1126
960,1130
960,1132
960,1153
960,1156
960,1163
960,1175
960,1199
960,1207
960,1211
960,1214
960,1238
960,1256
960,1271
960,1272
960,1285
960,1287
960,1288
960,1289
960,1291
960,1302
960,1305
960,1331
960,1336
960,1370
960,1388
960,1390
960,1398
960,1399
960,1409
960,1431
960,1447
960,1449
960,1456
960,1471
960,1480
960,1488
960,1519
960,1542
960,1547
960,1551
960,1559
960,1571
960,1584
960,1598
960,1603
960,1604
960,1610
960,1612
960,1613
960,1617
960,1619
960,1622
960,1652
960,1663
960,1665
960,1668
960,1707
960,1712
960,1714
960,1736
960,1789
960,1793
960,1799
960,1800
960,1804
960,1809
960,1816
960,1823
960,1827
960,1832
960,1833
960,1839
960,1863
960,1879
960,1888
960,1898
961,1038
961,1283
961,1327
961,1688
961,1780
961,1852
962,1294
963,992
964,1005
964,1041
964,1278
965,986
965,1052
966,978
966,982
966,983
966,999
966,1006
966,1017
966,1024
966,1040
966,1078
966,1083
966,1086
966,1101
966,1107
966,1117
966,1125
966,1126
966,1130
966,1132
966,1153
966,1163
966,1172
966,1181
966,1184
966,1185
966,1191
966,1199
966,1211
966,1219
966,1222
966,1230
966,1238
966,1256
966,1271
966,1285
966,1288
966,1289
966,1291
966,1302
966,1305
966,1330
966,1331
966,1335
966,1336
966,1341
966,1351
966,1352
966,1361
966,1367
966,1370
966,1380
966,1390
966,1399
966,1416
966,1431
966,1449
966,1456
966,1457
966,1471
966,1488
966,1491
966,1516
966,1522
966,1547
966,1556
966,1559
966,1572
966,1584
966,1589
966,1605
966,1610
966,1619
966,1621
966,1652
966,1662
966,1663
966,1665
966,1668
966,1707
966,1714
966,1717
966,1721
966,1730
966,1736
966,1737
966,1746
966,1757
966,1789
966,1793
966,1799
966,1800
966,1804
966,1809
966,1810
966,1813
966,1816
966,1821
966,1823
966,1826
966,1827
966,1832
966,1833
966,1839
966,1849
966,1864
966,1868
966,1879
966,1886
966,1888
966,1898
966,1902
967,980
967,993
967,1003
967,1026
967,1047
967,1048
967,1049
967,1054
967,1076
967,1092
967,1110
967,1112
967,1124
967,1126
967,1146
967,1149
967,1175
967,1182
967,1195
967,1230
967,1238
967,1243
967,1250
967,1255
967,1265
967,1272
967,1290
967,1293
967,1305
967,1312
967,1329
967,1334
967,1352
967,1361
967,1365
967,1367
967,1369
967,1376
967,1377
967,1390
967,1402
967,1405
967,1420
967,1431
967,1441
967,1467
967,1480
967,1484
967,1485
967,1509
967,1516
967,1520
967,1522
967,1523
967,1524
967,1528
967,1554
967,1557
967,1559
967,1563
967,1570
967,1584
967,1589
967,1590
967,1603
967,1604
967,1614
967,1621
967,1622
967,1626
967,1637
967,1659
967,1663
967,1675
967,1685
967,1688
967,1689
967,1717
967,1721
967,1730
967,1734
967,1752
967,1753
967,1768
967,1772
967,1774
967,1782
967,1791
967,1796
967,1800
967,1813
967,1827
967,1833
967,1835
967,1843
967,1845
967,1867
967,1888
967,1891
968,999
968,1052
968,1054
968,1110
968,1172
968,1217
968,1334
968,1435
968,1523
968,1540
968,1584
968,1827
969,1014
969,1032
970,1033
971,984
971,1014
971,1020
971,1032
972,983
972,1006
972,1040
972,1069
972,1101
972,1117
972,1238
972,1256
972,1285
972,1288
972,1359
972,1431
972,1488
972,1736
972,1809
972,1868
972,1900
973,990
973,1272
973,1327
973,1369
973,1597
973,1626
973,1656
973,1863
974,1000
974,1010
975,981
975,988
977,986
977,1011
977,1041
978,980
978,993
978,1017
978,1047
978,1076
978,1086
978,1117
978,1124
978,1126
978,1132
978,1146
978,1184
978,1185
978,1191
978,1198
978,1199
978,1205
978,1209
978,1222
978,1243
978,1255
978,1269
978,1272
978,1305
978,1323
978,1329
978,1330
978,1331
978,1351
978,1352
978,1367
978,1376
978,1377
978,1389
978,1391
978,1399
978,1431
978,1435
978,1439
978,1440
978,1471
978,1484
978,1488
978,1491
978,1509
978,1516
978,1520
978,1522
978,1535
978,1537
978,1547
978,1551
978,1554
978,1557
978,1559
978,1589
978,1603
978,1609
978,1610
978,1612
978,1613
978,1621
978,1622
978,1623
978,1626
978,1643
978,1662
978,1663
978,1669
978,1685
978,1707
978,1717
978,1721
978,1730
978,1734
978,1746
978,1750
978,1757
978,1768
978,1791
978,1793
978,1800
978,1804
978,1811
978,1813
978,1819
978,1827
978,1833
978,1835
978,1839
978,1842
978,1849
978,1874
978,1888
978,1891
978,1902
978,1909
979,1016
980,993
980,995
980,1017
980,1026
980,1047
980,1048
980,1049
980,1074
980,1078
980,1079
980,1086
980,1116
980,1124
980,1126
980,1128
980,1146
980,1164
980,1175
980,1182
980,1185
980,1191
980,1195
980,1199
980,1209
980,1211
980,1222
980,1230
980,1239
980,1242
980,1243
980,1267
980,1269
980,1272
980,1290
980,1305
980,1312
980,1323
980,1329
980,1331
980,1334
980,1344
980,1351
980,1352
980,1361
980,1367
980,1376
980,1377
980,1393
980,1399
980,1422
980,1431
980,1449
980,1460
980,1467
980,1484
980,1491
980,1516
980,1520
980,1547
980,1551
980,1554
980,1557
980,1559
980,1563
980,1570
980,1584
980,1589
980,1603
980,1608
980,1610
980,1612
980,1613
980,1621
980,1622
980,1632
980,1637
980,1643
980,1644
980,1659
980,1662
980,1663
980,1669
980,1675
980,1683
980,1685
980,1689
980,1707
980,1714
980,1717
980,1721
980,1730
980,1734
980,1746
980,1750
980,1753
980,1761
980,1765
980,1768
980,1774
980,1775
980,1782
980,1793
980,1795
980,1800
980,1804
980,1813
980,1823
980,1827
980,1833
980,1835
980,1839
980,1842
980,1845
980,1861
980,1874
980,1879
980,1888
980,1891
980,1902
981,988
981,1036
981,1044
982,983
982,998
982,1006
982,1017
982,1029
982,1040
982,1056
982,1078
982,1083
982,1101
982,1125
982,1126
982,1132
982,1153
982,1163
982,1199
982,1207
982,1211
982,1256
982,1269
982,1271
982,1288
982,1291
982,1302
982,1331
982,1336
982,1370
982,1380
982,1390
982,1391
982,1399
982,1409
982,1456
982,1457
982,1488
982,1491
982,1516
982,1522
982,1537
982,1547
982,1589
982,1598
982,1604
982,1610
982,1619
982,1663
982,1668
982,1712
982,1714
982,1730
982,1736
982,1754
982,1800
982,1809
982,1821
982,1833
982,1839
982,1845
982,1864
982,1888
982,1898
983,1006
983,1040
983,1063
983,1069
983,1078
983,1083
983,1086
983,1101
983,1107
983,1125
983,1153
983,1156
983,1163
983,1199
983,1211
983,1238
983,1256
983,1271
983,1285
983,1288
983,1289
983,1331
983,1336
983,1341
983,1370
983,1380
983,1390
983,1399
983,1402
983,1409
983,1456
983,1457
983,1488
983,1542
983,1547
983,1619
983,1662
983,1665
983,1668
983,1707
983,1712
983,1736
983,1791
983,1793
983,1809
983,1810
983,1832
983,1833
983,1839
983,1845
983,1849
983,1864
983,1868
983,1879
983,1888
983,1898
984,1014
984,1020
984,1032
985,1000
988,1019
989,1009
989,1014
989,1019
989,1044
990,1656
990,1674
991,1034
991,1283
991,1312
991,1467
991,1590
991,1750
991,1846
993,1006
993,1026
993,1028
993,1048
993,1059
993,1076
993,1079
993,1086
993,1101
993,1110
993,1117
993,1126
993,1128
993,1135
993,1146
993,1149
993,1172
993,1175
993,1182
993,1184
993,1185
993,1191
993,1195
993,1199
993,1205
993,1209
993,1211
993,1214
993,1243
993,1255
993,1256
993,1267
993,1269
993,1287
993,1289
993,1290
993,1291
993,1302
993,1312
993,1329
993,1330
993,1335
993,1341
993,1352
993,1359
993,1361
993,1376
993,1377
993,1389
993,1390
993,1391
993,1399
993,1407
993,1409
993,1420
993,1431
993,1447
993,1460
993,1467
993,1470
993,1471
993,1484
993,1491
993,1509
993,1513
993,1516
993,1522
993,1530
993,1535
993,1539
993,1551
993,1554
993,1557
993,1559
993,1580
993,1584
993,1589
993,1590
993,1597
993,1598
993,1600
993,1603
993,1604
993,1608
993,1609
993,1612
993,1613
993,1617
993,1620
993,1621
993,1622
993,1632
993,1637
993,1639
993,1643
993,1659
993,1662
993,1663
993,1669
993,1675
993,1683
993,1685
993,1688
993,1689
993,1714
993,1717
993,1721
993,1730
993,1734
993,1735
993,1746
993,1750
993,1753
993,1757
993,1761
993,1768
993,1772
993,1791
993,1793
993,1796
993,1799
993,1800
993,1804
993,1813
993,1823
993,1827
993,1833
993,1835
993,1839
993,1842
993,1849
993,1851
993,1864
993,1867
993,1877
993,1886
993,1888
993,1891
993,1902
994,1009
994,1021
994,1217
994,1435
994,1584
995,997
995,1029
995,1074
995,1083
995,1160
995,1173
995,1180
995,1201
995,1205
995,1214
995,1219
995,1238
995,1239
995,1243
995,1265
995,1271
995,1280
995,1323
995,1330
995,1331
995,1334
995,1352
995,1361
995,1377
995,1388
995,1409
995,1431
995,1447
995,1458
995,1460
995,1470
995,1483
995,1488
995,1517
995,1519
995,1535
995,1540
995,1551
995,1553
995,1554
995,1559
995,1570
995,1580
995,1620
995,1651
995,1665
995,1722
995,1730
995,1741
995,1768
995,1809
995,1813
995,1826
995,1861
995,1868
996,1860
997,1006
997,1024
997,1029
997,1056
997,1083
997,1101
997,1117
997,1124
997,1125
997,1132
997,1146
997,1153
997,1160
997,1163
997,1172
997,1173
997,1180
997,1191
997,1199
997,1201
997,1205
997,1214
997,1222
997,1238
997,1243
997,1255
997,1256
997,1267
997,1280
997,1323
997,1330
997,1331
997,1336
997,1359
997,1361
997,1377
997,1388
997,1389
997,1391
997,1402
997,1409
997,1447
997,1456
997,1470
997,1471
997,1480
997,1483
997,1509
997,1517
997,1520
997,1535
997,1551
997,1559
997,1563
997,1570
997,1571
997,1580
997,1604
997,1605
997,1608
997,1609
997,1610
997,1613
997,1620
997,1622
997,1637
997,1663
997,1665
997,1668
997,1669
997,1675
997,1712
997,1722
997,1730
997,1741
997,1768
997,1772
997,1791
997,1793
997,1804
997,1809
997,1811
997,1813
997,1835
997,1842
997,1861
997,1868
997,1888
997,1898
997,1902
998,1029
998,1173
998,1330
998,1537
998,1722
999,1006
999,1017
999,1059
999,1068
999,1076
999,1078
999,1079
999,1092
999,1124
999,1125
999,1126
999,1132
999,1172
999,1181
999,1184
999,1185
999,1199
999,1211
999,1222
999,1230
999,1291
999,1335
999,1351
999,1352
999,1361
999,1367
999,1376
999,1399
999,1416
999,1431
999,1437
999,1439
999,1471
999,1491
999,1516
999,1530
999,1532
999,1538
999,1547
999,1551
999,1554
999,1584
999,1589
999,1603
999,1612
999,1617
999,1621
999,1652
999,1653
999,1669
999,1707
999,1714
999,1721
999,1737
999,1746
999,1750
999,1752
999,1757
999,1799
999,1800
999,1804
999,1810
999,1821
999,1823
999,1827
999,1833
999,1839
999,1842
999,1864
999,1879
999,1888
1000,1010
1001,1114
1001,1124
1001,1180
1001,1207
1001,1217
1001,1237
1001,1352
1001,1357
1001,1422
1001,1542
1003,1004
1003,1054
1003,1059
1003,1075
1003,1076
1003,1079
1003,1086
1003,1112
1003,1126
1003,1175
1003,1184
1003,1191
1003,1242
1003,1250
1003,1255
1003,1272
1003,1293
1003,1305
1003,1331
1003,1339
1003,1340
1003,1352
1003,1367
1003,1376
1003,1380
1003,1390
1003,1391
1003,1416
1003,1420
1003,1431
1003,1435
1003,1480
1003,1484
1003,1488
1003,1513
1003,1516
1003,1520
1003,1523
1003,1539
1003,1540
1003,1557
1003,1559
1003,1563
1003,1589
1003,1597
1003,1598
1003,1600
1003,1612
1003,1613
1003,1614
1003,1618
1003,1622
1003,1623
1003,1637
1003,1639
1003,1644
1003,1652
1003,1653
1003,1659
1003,1662
1003,1663
1003,1683
1003,1689
1003,1707
1003,1712
1003,1717
1003,1721
1003,1724
1003,1737
1003,1741
1003,1746
1003,1750
1003,1752
1003,1765
1003,1789
1003,1795
1003,1799
1003,1800
1003,1809
1003,1816
1003,1819
1003,1827
1003,1835
1003,1843
1003,1851
1003,1867
1003,1877
1003,1888
1004,1017
1004,1059
1004,1076
1004,1078
1004,1079
1004,1091
1004,1092
1004,1101
1004,1112
1004,1128
1004,1146
1004,1149
1004,1163
1004,1181
1004,1184
1004,1185
1004,1198
1004,1199
1004,1209
1004,1211
1004,1242
1004,1250
1004,1267
1004,1287
1004,1289
1004,1290
1004,1291
1004,1302
1004,1330
1004,1331
1004,1335
1004,1339
1004,1344
1004,1352
1004,1367
1004,1375
1004,1390
1004,1391
1004,1399
1004,1416
1004,1420
1004,1431
1004,1435
1004,1437
1004,1467
1004,1471
1004,1480
1004,1491
1004,1516
1004,1522
1004,1523
1004,1524
1004,1532
1004,1538
1004,1539
1004,1547
1004,1554
1004,1557
1004,1559
1004,1584
1004,1589
1004,1597
1004,1598
1004,1600
1004,1603
1004,1610
1004,1612
1004,1617
1004,1620
1004,1621
1004,1622
1004,1623
1004,1632
1004,1643
1004,1644
1004,1652
1004,1653
1004,1659
1004,1662
1004,1663
1004,1683
1004,1688
1004,1689
1004,1707
1004,1714
1004,1717
1004,1721
1004,1730
1004,1735
1004,1736
1004,1741
1004,1746
1004,1750
1004,1752
1004,1757
1004,1789
1004,1795
1004,1796
1004,1799
1004,1800
1004,1804
1004,1810
1004,1816
1004,1819
1004,1827
1004,1833
1004,1835
1004,1842
1004,1849
1004,1867
1004,1877
1004,1879
1004,1886
1004,1888
1006,1017
1006,1024
1006,1039
1006,1040
1006,1059
1006,1063
1006,1069
1006,1078
1006,1083
1006,1086
1006,1091
1006,1101
1006,1107
1006,1123
1006,1124
1006,1125
1006,1126
1006,1130
1006,1132
1006,1153
1006,1156
1006,1163
1006,1172
1006,1175
1006,1191
1006,1199
1006,1201
1006,1207
1006,1211
1006,1214
1006,1219
1006,1222
1006,1230
1006,1238
1006,1242
1006,1256
1006,1271
1006,1285
1006,1287
1006,1288
1006,1289
1006,1293
1006,1302
1006,1331
1006,1335
1006,1336
1006,1341
1006,1351
1006,1352
1006,1361
1006,1367
1006,1370
1006,1376
1006,1380
1006,1388
1006,1390
1006,1391
1006,1398
1006,1399
1006,1402
1006,1431
1006,1437
1006,1449
1006,1456
1006,1471
1006,1480
1006,1488
1006,1516
1006,1522
1006,1530
1006,1542
1006,1547
1006,1551
1006,1556
1006,1559
1006,1584
1006,1598
1006,1600
1006,1603
1006,1604
1006,1605
1006,1610
1006,1612
1006,1613
1006,1619
1006,1621
1006,1662
1006,1663
1006,1665
1006,1668
1006,1683
1006,1707
1006,1712
1006,1714
1006,1717
1006,1730
1006,1736
1006,1741
1006,1746
1006,1768
1006,1789
1006,1791
1006,1793
1006,1795
1006,1799
1006,1800
1006,1804
1006,1809
1006,1810
1006,1813
1006,1816
1006,1821
1006,1823
1006,1826
1006,1827
1006,1833
1006,1835
1006,1839
1006,1842
1006,1845
1006,1849
1006,1864
1006,1868
1006,1874
1006,1879
1006,1888
1006,1898
1006,1900
1006,1902
1007,1021
1007,1393
1008,1357
1008,1674
1009,1014
1009,1015
1009,1021
1009,1036
1009,1044
1010,1035
1010,1037
1010,1051
1011,1037
1011,1041
1011,1052
1012,1074
1012,1075
1012,1114
1012,1237
1012,1407
1012,1881
1012,1886
1013,1035
1013,1385
1014,1015
1014,1018
1014,1020
1014,1032
1014,1036
1015,1021
1015,1044
1017,1024
1017,1028
1017,1059
1017,1074
1017,1076
1017,1078
1017,1092
1017,1101
1017,1117
1017,1123
1017,1124
1017,1125
1017,1126
1017,1128
1017,1130
1017,1132
1017,1149
1017,1153
1017,1156
1017,1163
1017,1181
1017,1184
1017,1185
1017,1198
1017,1199
1017,1211
1017,1219
1017,1222
1017,1230
1017,1250
1017,1267
1017,1269
1017,1287
1017,1289
1017,1291
1017,1293
1017,1302
1017,1330
1017,1331
1017,1335
1017,1336
1017,1341
1017,1351
1017,1352
1017,1361
1017,1367
1017,1370
1017,1375
1017,1380
1017,1390
1017,1391
1017,1398
1017,1399
1017,1401
1017,1416
1017,1420
1017,1431
1017,1437
1017,1449
1017,1456
1017,1457
1017,1467
1017,1471
1017,1480
1017,1491
1017,1516
1017,1522
1017,1530
1017,1547
1017,1551
1017,1554
1017,1557
1017,1563
1017,1584
1017,1589
1017,1597
1017,1598
1017,1603
1017,1604
1017,1605
1017,1610
1017,1612
1017,1614
1017,1617
1017,1621
1017,1622
1017,1623
1017,1632
1017,1652
1017,1653
1017,1662
1017,1663
1017,1665
1017,1668
1017,1669
1017,1683
1017,1685
1017,1707
1017,1712
1017,1714
1017,1721
1017,1730
1017,1735
1017,1736
1017,1737
1017,1741
1017,1746
1017,1750
1017,1752
1017,1757
1017,1761
1017,1782
1017,1793
1017,1799
1017,1800
1017,1804
1017,1810
1017,1816
1017,1821
1017,1823
1017,1826
1017,1827
1017,1833
1017,1839
1017,1842
1017,1845
1017,1849
1017,1864
1017,1867
1017,1879
1017,1886
1017,1888
1017,1902
1017,1909
1018,1032
1019,1021
1019,1036
1019,1044
1020,1032
1020,1746
1021,1036
1021,1334
1022,1086
1023,1674
1023,1861
1024,1028
1024,1078
1024,1083
1024,1086
1024,1101
1024,1123
1024,1125
1024,1126
1024,1130
1024,1132
1024,1153
1024,1163
1024,1199
1024,1207
1024,1211
1024,1214
1024,1238
1024,1256
1024,1267
1024,1271
1024,1285
1024,1287
1024,1288
1024,1289
1024,1291
1024,1302
1024,1305
1024,1336
1024,1339
1024,1352
1024,1370
1024,1390
1024,1398
1024,1431
1024,1449
1024,1456
1024,1458
1024,1471
1024,1480
1024,1488
1024,1491
1024,1516
1024,1530
1024,1571
1024,1584
1024,1598
1024,1604
1024,1610
1024,1614
1024,1617
1024,1619
1024,1652
1024,1663
1024,1665
1024,1668
1024,1707
1024,1712
1024,1714
1024,1736
1024,1752
1024,1789
1024,1800
1024,1804
1024,1809
1024,1816
1024,1833
1024,1839
1024,1849
1024,1863
1024,1868
1024,1879
1024,1886
1024,1888
1024,1898
1024,1902
1025,1237
1025,1334
1025,1800
1026,1028
1026,1048
1026,1075
1026,1146
1026,1149
1026,1156
1026,1164
1026,1172
1026,1175
1026,1182
1026,1185
1026,1250
1026,1290
1026,1305
1026,1312
1026,1334
1026,1352
1026,1367
1026,1369
1026,1376
1026,1377
1026,1391
1026,1409
1026,1420
1026,1431
1026,1460
1026,1509
1026,1517
1026,1520
1026,1522
1026,1554
1026,1557
1026,1559
1026,1570
1026,1584
1026,1589
1026,1590
1026,1603
1026,1612
1026,1613
1026,1621
1026,1622
1026,1637
1026,1663
1026,1669
1026,1675
1026,1685
1026,1714
1026,1721
1026,1730
1026,1734
1026,1746
1026,1753
1026,1757
1026,1761
1026,1765
1026,1768
1026,1775
1026,1793
1026,1810
1026,1813
1026,1827
1026,1835
1026,1845
1026,1846
1026,1888
1026,1902
1028,1078
1028,1092
1028,1124
1028,1126
1028,1128
1028,1149
1028,1163
1028,1185
1028,1209
1028,1267
1028,1287
1028,1291
1028,1305
1028,1329
1028,1352
1028,1365
1028,1375
1028,1376
1028,1377
1028,1420
1028,1449
1028,1467
1028,1471
1028,1491
1028,1509
1028,1516
1028,1520
1028,1522
1028,1523
1028,1532
1028,1559
1028,1584
1028,1589
1028,1597
1028,1603
1028,1610
1028,1612
1028,1613
1028,1614
1028,1617
1028,1632
1028,1663
1028,1700
1028,1714
1028,1718
1028,1730
1028,1735
1028,1757
1028,1761
1028,1768
1028,1799
1028,1800
1028,1823
1028,1833
1028,1835
1028,1867
1028,1886
1028,1888
1029,1056
1029,1059
1029,1074
1029,1078
1029,1086
1029,1153
1029,1160
1029,1173
1029,1175
1029,1201
1029,1205
1029,1214
1029,1220
1029,1222
1029,1238
1029,1256
1029,1280
1029,1323
1029,1330
1029,1359
1029,1377
1029,1391
1029,1409
1029,1447
1029,1460
1029,1470
1029,1483
1029,1513
1029,1519
1029,1535
1029,1537
1029,1551
1029,1553
1029,1557
1029,1570
1029,1580
1029,1598
1029,1600
1029,1604
1029,1608
1029,1609
1029,1613
1029,1620
1029,1663
1029,1669
1029,1675
1029,1688
1029,1707
1029,1722
1029,1730
1029,1768
1029,1772
1029,1774
1029,1804
1029,1813
1029,1835
1029,1842
1029,1843
1029,1861
1029,1898
1029,1902
1030,1043
1030,1237
1032,1086
1034,1283
1035,1037
1035,1646
1035,1745
1037,1052
1038,1861
1039,1040
1039,1107
1039,1160
1039,1205
1039,1211
1039,1214
1039,1271
1039,1280
1039,1331
1039,1359
1039,1388
1039,1391
1039,1447
1039,1551
1039,1608
1039,1619
1039,1707
1039,1736
1039,1809
1039,1832
1039,1842
1039,1864
1039,1868
1039,1898
1040,1063
1040,1069
1040,1078
1040,1083
1040,1107
1040,1125
1040,1132
1040,1153
1040,1163
1040,1199
1040,1238
1040,1256
1040,1271
1040,1285
1040,1288
1040,1289
1040,1330
1040,1331
1040,1359
1040,1370
1040,1380
1040,1390
1040,1391
1040,1402
1040,1409
1040,1456
1040,1457
1040,1519
1040,1542
1040,1547
1040,1571
1040,1584
1040,1589
1040,1598
1040,1604
1040,1613
1040,1619
1040,1622
1040,1662
1040,1665
1040,1668
1040,1707
1040,1712
1040,1736
1040,1768
1040,1793
1040,1809
1040,1823
1040,1832
1040,1849
1040,1864
1040,1868
1040,1879
1040,1898
1040,1900
1040,1902
1041,1052
1042,1051
1042,1052
1043,1045
1047,1076
1047,1110
1047,1124
1047,1126
1047,1146
1047,1160
1047,1173
1047,1191
1047,1199
1047,1222
1047,1239
1047,1243
1047,1267
1047,1290
1047,1323
1047,1327
1047,1330
1047,1352
1047,1377
1047,1389
1047,1407
1047,1420
1047,1471
1047,1509
1047,1520
1047,1523
1047,1551
1047,1554
1047,1557
1047,1559
1047,1609
1047,1610
1047,1621
1047,1622
1047,1626
1047,1663
1047,1669
1047,1675
1047,1689
1047,1721
1047,1730
1047,1734
1047,1753
1047,1757
1047,1768
1047,1800
1047,1804
1047,1811
1047,1813
1047,1827
1047,1835
1047,1842
1047,1861
1047,1867
1047,1891
1047,1902
1048,1049
1048,1056
1048,1074
1048,1075
1048,1110
1048,1116
1048,1124
1048,1126
1048,1146
1048,1149
1048,1175
1048,1182
1048,1185
1048,1191
1048,1195
1048,1209
1048,1230
1048,1265
1048,1269
1048,1287
1048,1290
1048,1305
1048,1329
1048,1331
1048,1334
1048,1341
1048,1352
1048,1365
1048,1367
1048,1376
1048,1377
1048,1391
1048,1393
1048,1399
1048,1407
1048,1409
1048,1416
1048,1420
1048,1431
1048,1449
1048,1467
1048,1471
1048,1484
1048,1485
1048,1509
1048,1513
1048,1519
1048,1522
1048,1528
1048,1551
1048,1553
1048,1554
1048,1557
1048,1559
1048,1563
1048,1570
1048,1584
1048,1589
1048,1590
1048,1608
1048,1609
1048,1612
1048,1613
1048,1614
1048,1621
1048,1622
1048,1637
1048,1659
1048,1663
1048,1669
1048,1675
1048,1685
1048,1688
1048,1717
1048,1722
1048,1724
1048,1730
1048,1746
1048,1750
1048,1753
1048,1754
1048,1765
1048,1768
1048,1782
1048,1791
1048,1800
1048,1811
1048,1813
1048,1816
1048,1827
1048,1835
1048,1845
1048,1864
1048,1888
1049,1054
1049,1059
1049,1075
1049,1086
1049,1110
1049,1112
1049,1116
1049,1123
1049,1128
1049,1146
1049,1184
1049,1191
1049,1209
1049,1222
1049,1230
1049,1242
1049,1243
1049,1250
1049,1269
1049,1278
1049,1290
1049,1329
1049,1340
1049,1344
1049,1352
1049,1367
1049,1375
1049,1376
1049,1377
1049,1390
1049,1391
1049,1393
1049,1399
1049,1407
1049,1416
1049,1431
1049,1522
1049,1523
1049,1528
1049,1554
1049,1557
1049,1572
1049,1589
1049,1597
1049,1603
1049,1620
1049,1621
1049,1623
1049,1644
1049,1653
1049,1659
1049,1688
1049,1689
1049,1721
1049,1724
1049,1730
1049,1737
1049,1746
1049,1750
1049,1752
1049,1754
1049,1800
1049,1813
1049,1816
1049,1819
1049,1827
1049,1845
1049,1864
1049,1867
1049,1877
1049,1888
1050,1441
1050,1544
1051,1584
1052,1217
1052,1620
1052,1881
1052,1885
1054,1059
1054,1075
1054,1086
1054,1092
1054,1110
1054,1128
1054,1209
1054,1242
1054,1250
1054,1278
1054,1293
1054,1344
1054,1367
1054,1375
1054,1376
1054,1390
1054,1416
1054,1435
1054,1540
1054,1554
1054,1557
1054,1572
1054,1600
1054,1608
1054,1612
1054,1613
1054,1644
1054,1659
1054,1688
1054,1689
1054,1707
1054,1717
1054,1721
1054,1724
1054,1737
1054,1746
1054,1752
1054,1761
1054,1768
1054,1795
1054,1800
1054,1819
1054,1827
1054,1861
1056,1078
1056,1110
1056,1124
1056,1135
1056,1160
1056,1173
1056,1191
1056,1201
1056,1205
1056,1222
1056,1238
1056,1280
1056,1290
1056,1323
1056,1329
1056,1330
1056,1359
1056,1377
1056,1391
1056,1409
1056,1447
1056,1457
1056,1483
1056,1519
1056,1528
1056,1551
1056,1559
1056,1570
1056,1580
1056,1584
1056,1598
1056,1604
1056,1609
1056,1620
1056,1637
1056,1663
1056,1669
1056,1675
1056,1685
1056,1688
1056,1712
1056,1722
1056,1754
1056,1768
1056,1772
1056,1791
1056,1793
1056,1800
1056,1805
1056,1811
1056,1813
1056,1842
1056,1861
1056,1864
1056,1898
1056,1902
1059,1075
1059,1076
1059,1078
1059,1079
1059,1086
1059,1107
1059,1110
1059,1112
1059,1126
1059,1128
1059,1132
1059,1146
1059,1149
1059,1172
1059,1175
1059,1180
1059,1184
1059,1185
1059,1191
1059,1198
1059,1199
1059,1211
1059,1214
1059,1238
1059,1242
1059,1243
1059,1250
1059,1255
1059,1269
1059,1278
1059,1290
1059,1291
1059,1293
1059,1302
1059,1312
1059,1329
1059,1334
1059,1335
1059,1339
1059,1340
1059,1341
1059,1344
1059,1352
1059,1367
1059,1370
1059,1375
1059,1376
1059,1377
1059,1380
1059,1390
1059,1391
1059,1399
1059,1416
1059,1420
1059,1431
1059,1435
1059,1467
1059,1471
1059,1488
1059,1491
1059,1509
1059,1516
1059,1520
1059,1522
1059,1523
1059,1524
1059,1530
1059,1532
1059,1539
1059,1540
1059,1544
1059,1547
1059,1551
1059,1554
1059,1557
1059,1559
1059,1563
1059,1570
1059,1572
1059,1584
1059,1589
1059,1598
1059,1600
1059,1603
1059,1610
1059,1612
1059,1613
1059,1617
1059,1620
1059,1621
1059,1622
1059,1623
1059,1632
1059,1643
1059,1644
1059,1652
1059,1653
1059,1659
1059,1662
1059,1663
1059,1665
1059,1669
1059,1683
1059,1685
1059,1688
1059,1689
1059,1707
1059,1712
1059,1714
1059,1717
1059,1721
1059,1724
1059,1730
1059,1735
1059,1736
1059,1737
1059,1746
1059,1750
1059,1752
1059,1754
1059,1757
1059,1761
1059,1765
1059,1768
1059,1789
1059,1793
1059,1795
1059,1796
1059,1799
1059,1800
1059,1804
1059,1810
1059,1816
1059,1819
1059,1823
1059,1827
1059,1833
1059,1835
1059,1839
1059,1849
1059,1851
1059,1867
1059,1877
1059,1879
1059,1886
1059,1888
1059,1891
1063,1069
1063,1083
1063,1101
1063,1238
1063,1256
1063,1285
1063,1288
1063,1359
1063,1370
1063,1431
1063,1488
1063,1736
1063,1768
1063,1809
1063,1868
1063,1900
1068,1086
1068,1153
1068,1156
1068,1160
1068,1163
1068,1181
1068,1207
1068,1211
1068,1238
1068,1256
1068,1271
1068,1280
1068,1331
1068,1365
1068,1370
1068,1390
1068,1456
1068,1457
1068,1488
1068,1571
1068,1580
1068,1598
1068,1604
1068,1613
1068,1619
1068,1620
1068,1622
1068,1644
1068,1662
1068,1665
1068,1707
1068,1712
1068,1736
1068,1768
1068,1793
1068,1809
1068,1823
1068,1832
1068,1839
1068,1849
1068,1881
1068,1888
1068,1898
1069,1101
1069,1238
1069,1285
1069,1288
1069,1302
1069,1431
1069,1488
1069,1621
1069,1736
1069,1809
1069,1868
1069,1900
1074,1078
1074,1107
1074,1116
1074,1173
1074,1185
1074,1191
1074,1199
1074,1211
1074,1219
1074,1222
1074,1230
1074,1269
1074,1329
1074,1331
1074,1341
1074,1376
1074,1393
1074,1399
1074,1407
1074,1409
1074,1437
1074,1460
1074,1470
1074,1483
1074,1519
1074,1522
1074,1551
1074,1553
1074,1554
1074,1570
1074,1617
1074,1620
1074,1662
1074,1685
1074,1707
1074,1730
1074,1736
1074,1754
1074,1768
1074,1793
1074,1813
1074,1839
1074,1842
1074,1845
1074,1849
1074,1861
1074,1864
1074,1888
1074,1902
1075,1076
1075,1086
1075,1110
1075,1112
1075,1123
1075,1128
1075,1146
1075,1175
1075,1184
1075,1209
1075,1222
1075,1242
1075,1243
1075,1250
1075,1278
1075,1290
1075,1340
1075,1344
1075,1352
1075,1367
1075,1376
1075,1377
1075,1390
1075,1407
1075,1416
1075,1460
1075,1513
1075,1520
1075,1522
1075,1523
1075,1528
1075,1539
1075,1554
1075,1557
1075,1572
1075,1597
1075,1600
1075,1609
1075,1614
1075,1620
1075,1621
1075,1637
1075,1644
1075,1659
1075,1688
1075,1717
1075,1724
1075,1730
1075,1737
1075,1746
1075,1752
1075,1754
1075,1765
1075,1768
1075,1791
1075,1795
1075,1800
1075,1813
1075,1816
1075,1819
1075,1827
1075,1845
1075,1861
1075,1864
1075,1867
1075,1877
1075,1888
1076,1078
1076,1079
1076,1083
1076,1086
1076,1092
1076,1124
1076,1126
1076,1132
1076,1146
1076,1149
1076,1156
1076,1163
1076,1175
1076,1181
1076,1184
1076,1185
1076,1198
1076,1199
1076,1211
1076,1222
1076,1242
1076,1243
1076,1250
1076,1256
1076,1267
1076,1290
1076,1323
1076,1329
1076,1330
1076,1331
1076,1335
1076,1339
1076,1340
1076,1341
1076,1344
1076,1352
1076,1361
1076,1367
1076,1375
1076,1376
1076,1377
1076,1390
1076,1391
1076,1399
1076,1416
1076,1420
1076,1431
1076,1447
1076,1467
1076,1480
1076,1485
1076,1491
1076,1509
1076,1516
1076,1520
1076,1522
1076,1523
1076,1530
1076,1532
1076,1539
1076,1551
1076,1554
1076,1557
1076,1559
1076,1563
1076,1584
1076,1589
1076,1597
1076,1600
1076,1605
1076,1610
1076,1612
1076,1613
1076,1617
1076,1621
1076,1622
1076,1623
1076,1632
1076,1637
1076,1643
1076,1644
1076,1652
1076,1653
1076,1659
1076,1662
1076,1663
1076,1669
1076,1675
1076,1683
1076,1689
1076,1700
1076,1714
1076,1717
1076,1721
1076,1735
1076,1736
1076,1737
1076,1741
1076,1746
1076,1750
1076,1752
1076,1753
1076,1761
1076,1768
1076,1795
1076,1796
1076,1799
1076,1800
1076,1804
1076,1810
1076,1811
1076,1813
1076,1816
1076,1819
1076,1827
1076,1833
1076,1835
1076,1839
1076,1842
1076,1849
1076,1861
1076,1867
1076,1877
1076,1879
1076,1888
1078,1079
1078,1083
1078,1086
1078,1092
1078,1101
1078,1107
1078,1117
1078,1124
1078,1125
1078,1126
1078,1132
1078,1146
1078,1149
1078,1153
1078,1156
1078,1160
1078,1163
1078,1172
1078,1173
1078,1175
1078,1181
1078,1184
1078,1185
1078,1191
1078,1198
1078,1199
1078,1211
1078,1214
1078,1219
1078,1222
1078,1230
1078,1238
1078,1243
1078,1250
1078,1255
1078,1256
1078,1267
1078,1271
1078,1272
1078,1285
1078,1287
1078,1288
1078,1289
1078,1291
1078,1302
1078,1323
1078,1329
1078,1330
1078,1331
1078,1335
1078,1336
1078,1339
1078,1341
1078,1351
1078,1352
1078,1359
1078,1361
1078,1367
1078,1370
1078,1376
1078,1377
1078,1380
1078,1390
1078,1391
1078,1393
1078,1399
1078,1409
1078,1416
1078,1420
1078,1431
1078,1437
1078,1447
1078,1456
1078,1457
1078,1467
1078,1471
1078,1488
1078,1491
1078,1516
1078,1520
1078,1522
1078,1530
1078,1538
1078,1542
1078,1547
1078,1551
1078,1554
1078,1559
1078,1580
1078,1584
1078,1589
1078,1597
1078,1598
1078,1600
1078,1603
1078,1604
1078,1608
1078,1612
1078,1617
1078,1619
1078,1620
1078,1621
1078,1643
1078,1653
1078,1662
1078,1663
1078,1665
1078,1668
1078,1669
1078,1675
1078,1683
1078,1707
1078,1714
1078,1717
1078,1721
1078,1730
1078,1735
1078,1736
1078,1741
1078,1746
1078,1750
1078,1752
1078,1753
1078,1757
1078,1761
1078,1768
1078,1789
1078,1791
1078,1793
1078,1799
1078,1800
1078,1804
1078,1809
1078,1810
1078,1813
1078,1816
1078,1821
1078,1823
1078,1826
1078,1832
1078,1833
1078,1835
1078,1839
1078,1842
1078,1843
1078,1845
1078,1849
1078,1861
1078,1864
1078,1867
1078,1868
1078,1879
1078,1886
1078,1888
1078,1898
1078,1902
1079,1086
1079,1101
1079,1107
1079,1117
1079,1126
1079,1128
1079,1132
1079,1146
1079,1181
1079,1184
1079,1185
1079,1198
1079,1199
1079,1209
1079,1211
1079,1214
1079,1242
1079,1243
1079,1250
1079,1267
1079,1278
1079,1290
1079,1329
1079,1331
1079,1335
1079,1339
1079,1340
1079,1344
1079,1351
1079,1352
1079,1365
1079,1367
1079,1375
1079,1377
1079,1390
1079,1391
1079,1399
1079,1416
1079,1431
1079,1447
1079,1471
1079,1491
1079,1516
1079,1522
1079,1523
1079,1524
1079,1530
1079,1532
1079,1539
1079,1540
1079,1547
1079,1551
1079,1557
1079,1584
1079,1589
1079,1597
1079,1600
1079,1608
1079,1610
1079,1612
1079,1613
1079,1621
1079,1622
1079,1623
1079,1643
1079,1644
1079,1652
1079,1653
1079,1659
1079,1662
1079,1663
1079,1683
1079,1685
1079,1688
1079,1689
1079,1707
1079,1714
1079,1717
1079,1721
1079,1724
1079,1730
1079,1734
1079,1736
1079,1737
1079,1741
1079,1746
1079,1750
1079,1752
1079,1757
1079,1761
1079,1768
1079,1791
1079,1793
1079,1795
1079,1796
1079,1800
1079,1804
1079,1810
1079,1813
1079,1816
1079,1819
1079,1827
1079,1833
1079,1835
1079,1839
1079,1849
1079,1867
1079,1879
1079,1888
1083,1086
1083,1091
1083,1101
1083,1107
1083,1125
1083,1126
1083,1130
1083,1132
1083,1153
1083,1160
1083,1163
1083,1172
1083,1180
1083,1184
1083,1185
1083,1199
1083,1205
1083,1207
1083,1211
1083,1238
1083,1256
1083,1271
1083,1280
1083,1285
1083,1288
1083,1302
1083,1330
1083,1331
1083,1336
1083,1352
1083,1370
1083,1380
1083,1390
1083,1391
1083,1398
1083,1399
1083,1402
1083,1431
1083,1447
1083,1449
1083,1456
1083,1457
1083,1460
1083,1470
1083,1471
1083,1480
1083,1483
1083,1488
1083,1513
1083,1547
1083,1551
1083,1559
1083,1589
1083,1598
1083,1604
1083,1605
1083,1610
1083,1612
1083,1619
1083,1621
1083,1639
1083,1652
1083,1662
1083,1663
1083,1665
1083,1668
1083,1707
1083,1712
1083,1714
1083,1722
1083,1736
1083,1741
1083,1746
1083,1752
1083,1757
1083,1789
1083,1799
1083,1800
1083,1804
1083,1809
1083,1816
1083,1826
1083,1832
1083,1833
1083,1839
1083,1851
1083,1868
1083,1888
1083,1898
1083,1902
1086,1091
1086,1101
1086,1112
1086,1117
1086,1123
1086,1125
1086,1126
1086,1128
1086,1130
1086,1132
1086,1135
1086,1146
1086,1149
1086,1153
1086,1156
1086,1163
1086,1164
1086,1172
1086,1175
1086,1180
1086,1184
1086,1185
1086,1198
1086,1199
1086,1201
1086,1207
1086,1211
1086,1214
1086,1222
1086,1238
1086,1243
1086,1250
1086,1255
1086,1256
1086,1267
1086,1271
1086,1285
1086,1288
1086,1289
1086,1291
1086,1302
1086,1312
1086,1329
1086,1330
1086,1335
1086,1339
1086,1344
1086,1351
1086,1352
1086,1367
1086,1370
1086,1375
1086,1376
1086,1377
1086,1390
1086,1391
1086,1399
1086,1402
1086,1416
1086,1431
1086,1447
1086,1449
1086,1456
1086,1457
1086,1463
1086,1467
1086,1471
1086,1480
1086,1483
1086,1488
1086,1509
1086,1516
1086,1517
1086,1522
1086,1539
1086,1547
1086,1556
1086,1557
1086,1563
1086,1570
1086,1571
1086,1589
1086,1598
1086,1600
1086,1603
1086,1604
1086,1605
1086,1608
1086,1610
1086,1613
1086,1617
1086,1619
1086,1620
1086,1621
1086,1622
1086,1632
1086,1643
1086,1652
1086,1659
1086,1662
1086,1663
1086,1665
1086,1668
1086,1674
1086,1675
1086,1688
1086,1689
1086,1707
1086,1714
1086,1717
1086,1721
1086,1722
1086,1730
1086,1735
1086,1736
1086,1737
1086,1741
1086,1746
1086,1750
1086,1753
1086,1754
1086,1757
1086,1761
1086,1768
1086,1789
1086,1799
1086,1800
1086,1804
1086,1809
1086,1810
1086,1813
1086,1823
1086,1827
1086,1832
1086,1833
1086,1835
1086,1842
1086,1849
1086,1861
1086,1867
1086,1868
1086,1877
1086,1879
1086,1886
1086,1888
1086,1898
1086,1902
1091,1207
1091,1271
1091,1456
1091,1457
1091,1471
1091,1598
1091,1619
1091,1668
1091,1752
1091,1804
1091,1839
1091,1888
1092,1124
1092,1126
1092,1149
1092,1199
1092,1214
1092,1230
1092,1250
1092,1289
1092,1291
1092,1361
1092,1367
1092,1390
1092,1398
1092,1437
1092,1447
1092,1485
1092,1551
1092,1559
1092,1589
1092,1603
1092,1605
1092,1609
1092,1617
1092,1622
1092,1669
1092,1714
1092,1741
1092,1753
1092,1754
1092,1761
1092,1768
1092,1795
1092,1827
1092,1846
1092,1860
1092,1864
1092,1886
1092,1909
1101,1107
1101,1125
1101,1126
1101,1132
1101,1153
1101,1163
1101,1172
1101,1175
1101,1185
1101,1191
1101,1199
1101,1205
1101,1207
1101,1211
1101,1214
1101,1219
1101,1230
1101,1256
1101,1271
1101,1278
1101,1287
1101,1288
1101,1289
1101,1302
1101,1329
1101,1330
1101,1335
1101,1336
1101,1341
1101,1351
1101,1361
1101,1370
1101,1376
1101,1390
1101,1391
1101,1393
1101,1398
1101,1399
1101,1402
1101,1416
1101,1420
1101,1431
1101,1449
1101,1456
1101,1471
1101,1480
1101,1488
1101,1516
1101,1522
1101,1535
1101,1547
1101,1551
1101,1554
1101,1556
1101,1559
1101,1584
1101,1589
1101,1597
1101,1598
1101,1604
1101,1610
1101,1612
1101,1613
1101,1619
1101,1621
1101,1637
1101,1652
1101,1662
1101,1663
1101,1665
1101,1668
1101,1707
1101,1712
1101,1714
1101,1736
1101,1741
1101,1746
1101,1752
1101,1757
1101,1761
1101,1768
1101,1789
1101,1791
1101,1793
1101,1799
1101,1800
1101,1804
1101,1809
1101,1813
1101,1827
1101,1833
1101,1835
1101,1839
1101,1842
1101,1845
1101,1849
1101,1864
1101,1868
1101,1874
1101,1879
1101,1888
1101,1898
1101,1900
1101,1902
1107,1123
1107,1124
1107,1125
1107,1126
1107,1130
1107,1132
1107,1149
1107,1153
1107,1156
1107,1163
1107,1172
1107,1184
1107,1191
1107,1199
1107,1211
1107,1219
1107,1222
1107,1230
1107,1238
1107,1256
1107,1267
1107,1269
1107,1271
1107,1288
1107,1289
1107,1291
1107,1302
1107,1330
1107,1331
1107,1335
1107,1341
1107,1351
1107,1352
1107,1361
1107,1367
1107,1370
1107,1375
1107,1380
1107,1388
1107,1390
1107,1391
1107,1399
1107,1407
1107,1409
1107,1431
1107,1437
1107,1447
1107,1449
1107,1456
1107,1457
1107,1458
1107,1460
1107,1467
1107,1471
1107,1488
1107,1491
1107,1509
1107,1516
1107,1522
1107,1530
1107,1538
1107,1539
1107,1542
1107,1547
1107,1551
1107,1554
1107,1559
1107,1563
1107,1571
1107,1584
1107,1589
1107,1598
1107,1603
1107,1604
1107,1605
1107,1610
1107,1612
1107,1613
1107,1617
1107,1619
1107,1620
1107,1621
1107,1622
1107,1623
1107,1643
1107,1652
1107,1662
1107,1663
1107,1665
1107,1668
1107,1669
1107,1683
1107,1707
1107,1714
1107,1721
1107,1723
1107,1730
1107,1736
1107,1746
1107,1757
1107,1768
1107,1789
1107,1791
1107,1793
1107,1796
1107,1799
1107,1800
1107,1809
1107,1810
1107,1816
1107,1823
1107,1827
1107,1832
1107,1833
1107,1839
1107,1842
1107,1843
1107,1845
1107,1849
1107,1861
1107,1864
1107,1879
1107,1886
1107,1888
1107,1902
1110,1175
1110,1191
1110,1209
1110,1242
1110,1243
1110,1250
1110,1278
1110,1290
1110,1312
1110,1327
1110,1339
1110,1344
1110,1352
1110,1367
1110,1377
1110,1390
1110,1393
1110,1407
1110,1522
1110,1523
1110,1528
1110,1540
1110,1557
1110,1600
1110,1609
1110,1620
1110,1622
1110,1659
1110,1663
1110,1688
1110,1710
1110,1717
1110,1721
1110,1724
1110,1730
1110,1750
1110,1753
1110,1754
1110,1791
1110,1795
1110,1800
1110,1813
1110,1819
1110,1827
1110,1835
1110,1845
1110,1861
1110,1864
1112,1184
1112,1185
1112,1209
1112,1242
1112,1250
1112,1255
1112,1278
1112,1312
1112,1340
1112,1344
1112,1367
1112,1375
1112,1390
1112,1416
1112,1420
1112,1572
1112,1600
1112,1612
1112,1620
1112,1644
1112,1653
1112,1683
1112,1688
1112,1710
1112,1714
1112,1721
1112,1724
1112,1735
1112,1737
1112,1746
1112,1750
1112,1752
1112,1757
1112,1771
1112,1789
1112,1796
1112,1799
1112,1800
1112,1804
1112,1819
1112,1827
1112,1867
1112,1886
1112,1888
1114,1357
1114,1422
1114,1746
1116,1230
1116,1269
1116,1329
1116,1331
1116,1344
1116,1367
1116,1391
1116,1484
1116,1522
1116,1540
1116,1600
1116,1608
1116,1609
1116,1617
1116,1688
1116,1730
1116,1754
1116,1800
1116,1816
1116,1827
1116,1835
1116,1845
1116,1864
1117,1124
1117,1125
1117,1126
1117,1132
1117,1146
1117,1153
1117,1160
1117,1163
1117,1172
1117,1173
1117,1191
1117,1199
1117,1201
1117,1205
1117,1211
1117,1214
1117,1222
1117,1230
1117,1238
1117,1255
1117,1256
1117,1267
1117,1271
1117,1272
1117,1280
1117,1288
1117,1289
1117,1302
1117,1323
1117,1329
1117,1330
1117,1331
1117,1339
1117,1341
1117,1359
1117,1361
1117,1370
1117,1377
1117,1380
1117,1388
1117,1389
1117,1390
1117,1399
1117,1402
1117,1420
1117,1431
1117,1447
1117,1456
1117,1470
1117,1483
1117,1488
1117,1516
1117,1522
1117,1535
1117,1538
1117,1547
1117,1551
1117,1554
1117,1559
1117,1570
1117,1571
1117,1580
1117,1584
1117,1589
1117,1590
1117,1598
1117,1604
1117,1608
1117,1609
1117,1610
1117,1613
1117,1621
1117,1622
1117,1637
1117,1662
1117,1663
1117,1665
1117,1675
1117,1683
1117,1707
1117,1714
1117,1717
1117,1722
1117,1730
1117,1736
1117,1746
1117,1768
1117,1772
1117,1791
1117,1793
1117,1795
1117,1800
1117,1804
1117,1809
1117,1811
1117,1813
1117,1826
1117,1827
1117,1833
1117,1835
1117,1839
1117,1842
1117,1849
1117,1861
1117,1864
1117,1868
1117,1877
1117,1888
1117,1898
1117,1902
1123,1125
1123,1130
1123,1132
1123,1153
1123,1156
1123,1163
1123,1175
1123,1185
1123,1196
1123,1199
1123,1211
1123,1256
1123,1271
1123,1272
1123,1305
1123,1341
1123,1361
1123,1391
1123,1398
1123,1440
1123,1449
1123,1456
1123,1458
1123,1460
1123,1467
1123,1471
1123,1480
1123,1485
1123,1488
1123,1513
1123,1590
1123,1610
1123,1612
1123,1614
1123,1617
1123,1619
1123,1639
1123,1662
1123,1668
1123,1707
1123,1712
1123,1735
1123,1765
1123,1782
1123,1799
1123,1804
1123,1805
1123,1833
1123,1836
1123,1839
1123,1843
1123,1845
1123,1851
1123,1863
1123,1886
1123,1888
1124,1125
1124,1126
1124,1146
1124,1149
1124,1156
1124,1160
1124,1164
1124,1172
1124,1173
1124,1175
1124,1180
1124,1184
1124,1191
1124,1199
1124,1201
1124,1205
1124,1211
1124,1214
1124,1219
1124,1222
1124,1230
1124,1243
1124,1255
1124,1289
1124,1305
1124,1323
1124,1327
1124,1330
1124,1334
1124,1335
1124,1341
1124,1352
1124,1359
1124,1361
1124,1377
1124,1388
1124,1398
1124,1399
1124,1420
1124,1437
1124,1440
1124,1447
1124,1458
1124,1470
1124,1485
1124,1488
1124,1509
1124,1520
1124,1522
1124,1538
1124,1542
1124,1551
1124,1554
1124,1559
1124,1563
1124,1570
1124,1580
1124,1589
1124,1604
1124,1608
1124,1609
1124,1610
1124,1622
1124,1626
1124,1637
1124,1639
1124,1659
1124,1662
1124,1663
1124,1665
1124,1669
1124,1675
1124,1683
1124,1689
1124,1707
1124,1735
1124,1736
1124,1753
1124,1754
1124,1768
1124,1772
1124,1774
1124,1793
1124,1799
1124,1800
1124,1804
1124,1810
1124,1811
1124,1813
1124,1827
1124,1835
1124,1839
1124,1842
1124,1843
1124,1845
1124,1849
1124,1861
1124,1879
1124,1888
1124,1891
1124,1898
1124,1902
1124,1909
1125,1126
1125,1132
1125,1153
1125,1163
1125,1172
1125,1184
1125,1185
1125,1191
1125,1198
1125,1199
1125,1207
1125,1211
1125,1230
1125,1238
1125,1256
1125,1267
1125,1271
1125,1285
1125,1288
1125,1289
1125,1291
1125,1302
1125,1330
1125,1335
1125,1336
1125,1341
1125,1351
1125,1352
1125,1365
1125,1367
1125,1370
1125,1380
1125,1390
1125,1391
1125,1398
1125,1399
1125,1431
1125,1437
1125,1449
1125,1456
1125,1457
1125,1471
1125,1480
1125,1488
1125,1491
1125,1516
1125,1522
1125,1530
1125,1538
1125,1547
1125,1551
1125,1554
1125,1556
1125,1584
1125,1589
1125,1598
1125,1604
1125,1610
1125,1612
1125,1619
1125,1620
1125,1652
1125,1662
1125,1663
1125,1665
1125,1668
1125,1707
1125,1712
1125,1714
1125,1730
1125,1736
1125,1757
1125,1789
1125,1793
1125,1795
1125,1799
1125,1800
1125,1804
1125,1809
1125,1810
1125,1816
1125,1823
1125,1827
1125,1833
1125,1839
1125,1842
1125,1849
1125,1864
1125,1868
1125,1879
1125,1886
1125,1888
1125,1898
1125,1902
1126,1128
1126,1132
1126,1146
1126,1149
1126,1153
1126,1156
1126,1163
1126,1173
1126,1175
1126,1184
1126,1185
1126,1191
1126,1195
1126,1196
1126,1198
1126,1199
1126,1201
1126,1207
1126,1211
1126,1222
1126,1242
1126,1243
1126,1250
1126,1255
1126,1256
1126,1267
1126,1269
1126,1271
1126,1272
1126,1278
1126,1280
1126,1288
1126,1289
1126,1291
1126,1302
1126,1305
1126,1323
1126,1327
1126,1329
1126,1330
1126,1331
1126,1335
1126,1336
1126,1339
1126,1341
1126,1344
1126,1351
1126,1352
1126,1361
1126,1367
1126,1370
1126,1375
1126,1376
1126,1377
1126,1380
1126,1390
1126,1391
1126,1399
1126,1402
1126,1420
1126,1431
1126,1439
1126,1447
1126,1449
1126,1456
1126,1467
1126,1470
1126,1471
1126,1480
1126,1485
1126,1488
1126,1491
1126,1509
1126,1516
1126,1520
1126,1522
1126,1523
1126,1535
1126,1539
1126,1547
1126,1551
1126,1554
1126,1557
1126,1559
1126,1563
1126,1584
1126,1589
1126,1590
1126,1598
1126,1603
1126,1604
1126,1605
1126,1608
1126,1610
1126,1612
1126,1613
1126,1614
1126,1617
1126,1619
1126,1621
1126,1622
1126,1623
1126,1643
1126,1659
1126,1662
1126,1663
1126,1665
1126,1668
1126,1669
1126,1675
1126,1683
1126,1685
1126,1689
1126,1707
1126,1712
1126,1714
1126,1717
1126,1718
1126,1721
1126,1730
1126,1735
1126,1736
1126,1737
1126,1741
1126,1746
1126,1752
1126,1753
1126,1754
1126,1757
1126,1761
1126,1765
1126,1768
1126,1782
1126,1793
1126,1799
1126,1800
1126,1804
1126,1809
1126,1810
1126,1813
1126,1816
1126,1819
1126,1821
1126,1823
1126,1826
1126,1827
1126,1833
1126,1835
1126,1836
1126,1839
1126,1842
1126,1843
1126,1849
1126,1867
1126,1868
1126,1879
1126,1886
1126,1888
1126,1898
1126,1902
1126,1909
1128,1135
1128,1149
1128,1184
1128,1185
1128,1199
1128,1211
1128,1230
1128,1242
1128,1267
1128,1269
1128,1272
1128,1291
1128,1302
1128,1339
1128,1341
1128,1344
1128,1352
1128,1367
1128,1376
1128,1377
1128,1390
1128,1391
1128,1399
1128,1416
1128,1420
1128,1431
1128,1467
1128,1491
1128,1516
1128,1522
1128,1538
1128,1539
1128,1554
1128,1557
1128,1584
1128,1589
1128,1597
1128,1600
1128,1603
1128,1610
1128,1612
1128,1620
1128,1621
1128,1622
1128,1663
1128,1675
1128,1689
1128,1714
1128,1724
1128,1730
1128,1735
1128,1746
1128,1750
1128,1761
1128,1768
1128,1793
1128,1799
1128,1800
1128,1804
1128,1810
1128,1819
1128,1823
1128,1827
1128,1833
1128,1835
1128,1864
1128,1886
1128,1888
1130,1132
1130,1135
1130,1153
1130,1163
1130,1175
1130,1199
1130,1211
1130,1219
1130,1256
1130,1271
1130,1305
1130,1370
1130,1376
1130,1377
1130,1391
1130,1398
1130,1399
1130,1449
1130,1456
1130,1458
1130,1460
1130,1467
1130,1471
1130,1480
1130,1488
1130,1513
1130,1547
1130,1584
1130,1598
1130,1610
1130,1612
1130,1614
1130,1619
1130,1639
1130,1662
1130,1668
1130,1689
1130,1707
1130,1712
1130,1746
1130,1750
1130,1799
1130,1800
1130,1804
1130,1805
1130,1809
1130,1826
1130,1833
1130,1839
1130,1849
1130,1863
1130,1868
1130,1879
1130,1888
1132,1153
1132,1156
1132,1163
1132,1172
1132,1175
1132,1184
1132,1185
1132,1198
1132,1199
1132,1201
1132,1207
1132,1211
1132,1214
1132,1219
1132,1222
1132,1230
1132,1238
1132,1256
1132,1267
1132,1269
1132,1271
1132,1285
1132,1288
1132,1289
1132,1291
1132,1302
1132,1305
1132,1330
1132,1331
1132,1335
1132,1336
1132,1339
1132,1341
1132,1344
1132,1351
1132,1352
1132,1361
1132,1367
1132,1370
1132,1376
1132,1377
1132,1380
1132,1390
1132,1398
1132,1399
1132,1416
1132,1431
1132,1449
1132,1456
1132,1467
1132,1471
1132,1480
1132,1488
1132,1509
1132,1516
1132,1522
1132,1530
1132,1539
1132,1547
1132,1551
1132,1554
1132,1556
1132,1559
1132,1580
1132,1589
1132,1597
1132,1598
1132,1600
1132,1603
1132,1604
1132,1605
1132,1610
1132,1612
1132,1613
1132,1619
1132,1621
1132,1623
1132,1652
1132,1662
1132,1665
1132,1668
1132,1707
1132,1712
1132,1721
1132,1730
1132,1736
1132,1737
1132,1746
1132,1750
1132,1752
1132,1757
1132,1772
1132,1789
1132,1793
1132,1799
1132,1800
1132,1804
1132,1809
1132,1810
1132,1813
1132,1816
1132,1826
1132,1827
1132,1832
1132,1833
1132,1839
1132,1849
1132,1863
1132,1868
1132,1874
1132,1879
1132,1886
1132,1888
1132,1898
1135,1146
1135,1160
1135,1164
1135,1173
1135,1185
1135,1222
1135,1238
1135,1243
1135,1255
1135,1269
1135,1312
1135,1329
1135,1334
1135,1352
1135,1376
1135,1377
1135,1389
1135,1391
1135,1420
1135,1431
1135,1467
1135,1470
1135,1483
1135,1509
1135,1516
1135,1522
1135,1559
1135,1570
1135,1584
1135,1589
1135,1590
1135,1603
1135,1604
1135,1612
1135,1613
1135,1620
1135,1621
1135,1637
1135,1646
1135,1663
1135,1675
1135,1688
1135,1714
1135,1723
1135,1730
1135,1746
1135,1761
1135,1768
1135,1800
1135,1813
1135,1835
1135,1843
1135,1867
1135,1881
1135,1885
1135,1888
1146,1149
1146,1160
1146,1164
1146,1172
1146,1173
1146,1175
1146,1182
1146,1184
1146,1185
1146,1195
1146,1199
1146,1205
1146,1209
1146,1214
1146,1222
1146,1230
1146,1238
1146,1243
1146,1250
1146,1255
1146,1265
1146,1267
1146,1269
1146,1290
1146,1291
1146,1293
1146,1302
1146,1305
1146,1323
1146,1329
1146,1334
1146,1340
1146,1344
1146,1352
1146,1365
1146,1367
1146,1376
1146,1377
1146,1390
1146,1391
1146,1399
1146,1420
1146,1431
1146,1435
1146,1467
1146,1471
1146,1491
1146,1509
1146,1520
1146,1522
1146,1523
1146,1528
1146,1538
1146,1539
1146,1540
1146,1547
1146,1551
1146,1554
1146,1557
1146,1559
1146,1563
1146,1570
1146,1584
1146,1589
1146,1600
1146,1603
1146,1608
1146,1610
1146,1612
1146,1613
1146,1614
1146,1619
1146,1620
1146,1621
1146,1622
1146,1637
1146,1643
1146,1644
1146,1653
1146,1659
1146,1662
1146,1663
1146,1669
1146,1675
1146,1683
1146,1685
1146,1689
1146,1714
1146,1717
1146,1721
1146,1723
1146,1730
1146,1734
1146,1741
1146,1746
1146,1753
1146,1757
1146,1761
1146,1768
1146,1791
1146,1793
1146,1795
1146,1796
1146,1799
1146,1800
1146,1813
1146,1823
1146,1827
1146,1833
1146,1835
1146,1842
1146,1861
1146,1867
1146,1877
1146,1879
1146,1886
1146,1888
1146,1891
1146,1898
1149,1181
1149,1184
1149,1185
1149,1196
1149,1199
1149,1209
1149,1211
1149,1219
1149,1222
1149,1250
1149,1267
1149,1272
1149,1305
1149,1323
1149,1327
1149,1352
1149,1361
1149,1367
1149,1375
1149,1376
1149,1377
1149,1390
1149,1420
1149,1467
1149,1485
1149,1516
1149,1538
1149,1551
1149,1554
1149,1559
1149,1563
1149,1570
1149,1584
1149,1589
1149,1603
1149,1612
1149,1613
1149,1617
1149,1618
1149,1621
1149,1622
1149,1632
1149,1643
1149,1644
1149,1653
1149,1659
1149,1663
1149,1665
1149,1669
1149,1675
1149,1683
1149,1689
1149,1707
1149,1714
1149,1724
1149,1730
1149,1735
1149,1746
1149,1750
1149,1752
1149,1761
1149,1768
1149,1769
1149,1774
1149,1791
1149,1796
1149,1799
1149,1800
1149,1804
1149,1810
1149,1816
1149,1819
1149,1827
1149,1833
1149,1835
1149,1836
1149,1839
1149,1845
1149,1879
1149,1888
1153,1156
1153,1160
1153,1163
1153,1172
1153,1173
1153,1175
1153,1181
1153,1184
1153,1185
1153,1199
1153,1201
1153,1205
1153,1207
1153,1214
1153,1230
1153,1238
1153,1256
1153,1269
1153,1271
1153,1280
1153,1285
1153,1287
1153,1288
1153,1289
1153,1302
1153,1330
1153,1331
1153,1335
1153,1336
1153,1341
1153,1352
1153,1370
1153,1376
1153,1377
1153,1380
1153,1388
1153,1390
1153,1391
1153,1399
1153,1402
1153,1431
1153,1447
1153,1449
1153,1456
1153,1457
1153,1470
1153,1471
1153,1480
1153,1483
1153,1488
1153,1491
1153,1516
1153,1522
1153,1524
1153,1542
1153,1547
1153,1559
1153,1580
1153,1584
1153,1589
1153,1598
1153,1600
1153,1604
1153,1605
1153,1610
1153,1617
1153,1619
1153,1620
1153,1621
1153,1622
1153,1652
1153,1662
1153,1663
1153,1665
1153,1668
1153,1669
1153,1707
1153,1712
1153,1714
1153,1717
1153,1723
1153,1730
1153,1736
1153,1741
1153,1746
1153,1757
1153,1761
1153,1768
1153,1772
1153,1789
1153,1793
1153,1796
1153,1800
1153,1804
1153,1809
1153,1810
1153,1811
1153,1816
1153,1823
1153,1826
1153,1832
1153,1833
1153,1839
1153,1842
1153,1845
1153,1849
1153,1868
1153,1879
1153,1886
1153,1888
1153,1898
1153,1902
1156,1172
1156,1173
1156,1175
1156,1199
1156,1211
1156,1230
1156,1238
1156,1256
1156,1271
1156,1288
1156,1291
1156,1323
1156,1331
1156,1352
1156,1370
1156,1375
1156,1377
1156,1388
1156,1390
1156,1391
1156,1399
1156,1401
1156,1431
1156,1437
1156,1447
1156,1449
1156,1456
1156,1470
1156,1483
1156,1488
1156,1517
1156,1520
1156,1538
1156,1542
1156,1551
1156,1556
1156,1557
1156,1563
1156,1570
1156,1584
1156,1589
1156,1603
1156,1604
1156,1605
1156,1609
1156,1610
1156,1612
1156,1619
1156,1622
1156,1632
1156,1652
1156,1653
1156,1665
1156,1668
1156,1669
1156,1685
1156,1707
1156,1722
1156,1730
1156,1736
1156,1746
1156,1789
1156,1799
1156,1800
1156,1804
1156,1809
1156,1810
1156,1816
1156,1823
1156,1826
1156,1833
1156,1839
1156,1845
1156,1868
1156,1886
1156,1888
1156,1891
1156,1898
1160,1173
1160,1180
1160,1191
1160,1201
1160,1205
1160,1214
1160,1222
1160,1238
1160,1243
1160,1255
1160,1256
1160,1280
1160,1323
1160,1330
1160,1331
1160,1352
1160,1359
1160,1361
1160,1377
1160,1380
1160,1388
1160,1391
1160,1402
1160,1409
1160,1447
1160,1470
1160,1483
1160,1488
1160,1519
1160,1535
1160,1551
1160,1559
1160,1570
1160,1571
1160,1600
1160,1604
1160,1605
1160,1608
1160,1609
1160,1610
1160,1620
1160,1637
1160,1662
1160,1663
1160,1665
1160,1669
1160,1675
1160,1688
1160,1707
1160,1722
1160,1723
1160,1736
1160,1741
1160,1768
1160,1793
1160,1800
1160,1804
1160,1809
1160,1813
1160,1826
1160,1835
1160,1842
1160,1849
1160,1861
1160,1868
1160,1888
1160,1898
1160,1902
1163,1172
1163,1181
1163,1184
1163,1185
1163,1199
1163,1207
1163,1238
1163,1256
1163,1271
1163,1285
1163,1288
1163,1305
1163,1331
1163,1335
1163,1351
1163,1352
1163,1367
1163,1370
1163,1380
1163,1390
1163,1399
1163,1431
1163,1447
1163,1449
1163,1456
1163,1471
1163,1480
1163,1488
1163,1516
1163,1547
1163,1556
1163,1559
1163,1580
1163,1584
1163,1589
1163,1598
1163,1604
1163,1605
1163,1610
1163,1613
1163,1617
1163,1619
1163,1621
1163,1622
1163,1652
1163,1663
1163,1665
1163,1668
1163,1707
1163,1712
1163,1714
1163,1736
1163,1746
1163,1757
1163,1789
1163,1791
1163,1800
1163,1804
1163,1809
1163,1816
1163,1826
1163,1832
1163,1833
1163,1839
1163,1863
1163,1868
1163,1879
1163,1886
1163,1888
1163,1898
1164,1329
1164,1334
1164,1352
1164,1377
1164,1391
1164,1520
1164,1557
1164,1570
1164,1584
1164,1600
1164,1603
1164,1644
1164,1663
1164,1675
1164,1685
1164,1730
1164,1734
1164,1761
1164,1765
1172,1173
1172,1191
1172,1199
1172,1201
1172,1205
1172,1211
1172,1214
1172,1219
1172,1222
1172,1230
1172,1238
1172,1256
1172,1280
1172,1289
1172,1293
1172,1330
1172,1331
1172,1335
1172,1341
1172,1351
1172,1352
1172,1361
1172,1376
1172,1388
1172,1390
1172,1399
1172,1409
1172,1420
1172,1431
1172,1447
1172,1456
1172,1471
1172,1480
1172,1483
1172,1517
1172,1530
1172,1535
1172,1547
1172,1551
1172,1554
1172,1559
1172,1580
1172,1584
1172,1589
1172,1597
1172,1598
1172,1604
1172,1605
1172,1609
1172,1610
1172,1613
1172,1619
1172,1621
1172,1637
1172,1662
1172,1663
1172,1665
1172,1668
1172,1689
1172,1707
1172,1714
1172,1721
1172,1730
1172,1736
1172,1746
1172,1750
1172,1757
1172,1768
1172,1791
1172,1793
1172,1800
1172,1804
1172,1809
1172,1813
1172,1816
1172,1821
1172,1823
1172,1833
1172,1839
1172,1842
1172,1849
1172,1868
1172,1879
1172,1888
1172,1902
1173,1180
1173,1191
1173,1199
1173,1201
1173,1205
1173,1214
1173,1219
1173,1222
1173,1238
1173,1243
1173,1256
1173,1271
1173,1280
1173,1323
1173,1329
1173,1330
1173,1331
1173,1335
1173,1359
1173,1377
1173,1388
1173,1389
1173,1390
1173,1391
1173,1409
1173,1431
1173,1447
1173,1460
1173,1470
1173,1483
1173,1509
1173,1517
1173,1519
1173,1520
1173,1522
1173,1535
1173,1539
1173,1551
1173,1553
1173,1554
1173,1557
1173,1559
1173,1570
1173,1580
1173,1584
1173,1590
1173,1604
1173,1605
1173,1608
1173,1609
1173,1610
1173,1613
1173,1620
1173,1637
1173,1639
1173,1663
1173,1665
1173,1669
1173,1674
1173,1675
1173,1688
1173,1707
1173,1717
1173,1722
1173,1730
1173,1741
1173,1768
1173,1772
1173,1791
1173,1793
1173,1800
1173,1804
1173,1811
1173,1813
1173,1826
1173,1842
1173,1861
1173,1867
1173,1868
1173,1879
1173,1888
1173,1898
1173,1900
1173,1902
1175,1180
1175,1185
1175,1191
1175,1195
1175,1196
1175,1201
1175,1214
1175,1222
1175,1230
1175,1255
1175,1265
1175,1269
1175,1272
1175,1280
1175,1288
1175,1291
1175,1302
1175,1305
1175,1312
1175,1329
1175,1331
1175,1334
1175,1352
1175,1376
1175,1377
1175,1380
1175,1390
1175,1391
1175,1398
1175,1405
1175,1409
1175,1416
1175,1420
1175,1431
1175,1447
1175,1456
1175,1457
1175,1460
1175,1467
1175,1471
1175,1480
1175,1484
1175,1485
1175,1509
1175,1513
1175,1522
1175,1528
1175,1540
1175,1547
1175,1554
1175,1557
1175,1559
1175,1570
1175,1590
1175,1598
1175,1600
1175,1608
1175,1610
1175,1612
1175,1614
1175,1617
1175,1620
1175,1621
1175,1622
1175,1637
1175,1639
1175,1644
1175,1652
1175,1662
1175,1663
1175,1668
1175,1675
1175,1707
1175,1717
1175,1724
1175,1730
1175,1736
1175,1741
1175,1765
1175,1768
1175,1774
1175,1782
1175,1789
1175,1800
1175,1804
1175,1809
1175,1811
1175,1819
1175,1823
1175,1827
1175,1833
1175,1835
1175,1842
1175,1846
1175,1851
1175,1861
1175,1863
1175,1867
1175,1879
1175,1888
1175,1891
1175,1902
1180,1205
1180,1214
1180,1222
1180,1238
1180,1280
1180,1330
1180,1331
1180,1352
1180,1377
1180,1388
1180,1447
1180,1470
1180,1471
1180,1483
1180,1520
1180,1551
1180,1554
1180,1598
1180,1600
1180,1663
1180,1665
1180,1685
1180,1730
1180,1741
1180,1789
1180,1793
1180,1804
1180,1813
1180,1826
1180,1835
1180,1868
1180,1879
1180,1888
1181,1184
1181,1185
1181,1198
1181,1199
1181,1211
1181,1242
1181,1250
1181,1267
1181,1289
1181,1335
1181,1339
1181,1340
1181,1344
1181,1352
1181,1365
1181,1367
1181,1375
1181,1391
1181,1399
1181,1416
1181,1431
1181,1447
1181,1491
1181,1516
1181,1522
1181,1530
1181,1532
1181,1547
1181,1554
1181,1557
1181,1584
1181,1589
1181,1597
1181,1600
1181,1603
1181,1610
1181,1612
1181,1613
1181,1621
1181,1623
1181,1632
1181,1643
1181,1644
1181,1653
1181,1662
1181,1663
1181,1683
1181,1689
1181,1700
1181,1707
1181,1714
1181,1717
1181,1721
1181,1736
1181,1737
1181,1746
1181,1750
1181,1752
1181,1793
1181,1795
1181,1799
1181,1800
1181,1804
1181,1810
1181,1813
1181,1816
1181,1826
1181,1827
1181,1833
1181,1839
1181,1849
1181,1867
1181,1879
1181,1886
1181,1888
1182,1185
1182,1191
1182,1195
1182,1243
1182,1255
1182,1265
1182,1269
1182,1312
1182,1329
1182,1334
1182,1352
1182,1369
1182,1376
1182,1377
1182,1391
1182,1399
1182,1405
1182,1420
1182,1431
1182,1509
1182,1522
1182,1528
1182,1539
1182,1554
1182,1559
1182,1570
1182,1584
1182,1589
1182,1603
1182,1608
1182,1609
1182,1612
1182,1613
1182,1617
1182,1637
1182,1639
1182,1643
1182,1663
1182,1669
1182,1675
1182,1714
1182,1718
1182,1730
1182,1753
1182,1757
1182,1761
1182,1768
1182,1782
1182,1804
1182,1835
1182,1851
1182,1888
1184,1185
1184,1198
1184,1199
1184,1209
1184,1211
1184,1237
1184,1242
1184,1250
1184,1255
1184,1267
1184,1269
1184,1278
1184,1287
1184,1288
1184,1331
1184,1335
1184,1339
1184,1340
1184,1341
1184,1344
1184,1351
1184,1352
1184,1361
1184,1367
1184,1375
1184,1376
1184,1390
1184,1391
1184,1399
1184,1402
1184,1416
1184,1420
1184,1431
1184,1435
1184,1456
1184,1471
1184,1488
1184,1491
1184,1509
1184,1516
1184,1520
1184,1522
1184,1523
1184,1524
1184,1530
1184,1532
1184,1538
1184,1539
1184,1542
1184,1551
1184,1557
1184,1559
1184,1563
1184,1572
1184,1584
1184,1589
1184,1597
1184,1598
1184,1600
1184,1603
1184,1605
1184,1610
1184,1612
1184,1613
1184,1617
1184,1619
1184,1620
1184,1621
1184,1622
1184,1623
1184,1632
1184,1643
1184,1644
1184,1652
1184,1653
1184,1659
1184,1662
1184,1663
1184,1665
1184,1668
1184,1669
1184,1683
1184,1685
1184,1688
1184,1689
1184,1700
1184,1707
1184,1714
1184,1717
1184,1721
1184,1724
1184,1730
1184,1735
1184,1736
1184,1737
1184,1746
1184,1750
1184,1752
1184,1754
1184,1757
1184,1769
1184,1789
1184,1793
1184,1795
1184,1799
1184,1800
1184,1810
1184,1813
1184,1816
1184,1819
1184,1823
1184,1826
1184,1827
1184,1833
1184,1835
1184,1839
1184,1845
1184,1849
1184,1867
1184,1877
1184,1879
1184,1886
1184,1888
1184,1902
1185,1198
1185,1199
1185,1211
1185,1219
1185,1222
1185,1243
1185,1250
1185,1255
1185,1267
1185,1269
1185,1271
1185,1272
1185,1291
1185,1293
1185,1302
1185,1305
1185,1312
1185,1329
1185,1331
1185,1334
1185,1335
1185,1339
1185,1341
1185,1344
1185,1352
1185,1367
1185,1376
1185,1377
1185,1390
1185,1391
1185,1399
1185,1416
1185,1420
1185,1431
1185,1439
1185,1449
1185,1456
1185,1467
1185,1471
1185,1484
1185,1488
1185,1491
1185,1509
1185,1516
1185,1520
1185,1522
1185,1530
1185,1547
1185,1554
1185,1557
1185,1559
1185,1563
1185,1570
1185,1584
1185,1589
1185,1590
1185,1597
1185,1603
1185,1608
1185,1610
1185,1612
1185,1613
1185,1617
1185,1619
1185,1621
1185,1622
1185,1623
1185,1639
1185,1643
1185,1652
1185,1653
1185,1659
1185,1662
1185,1663
1185,1668
1185,1669
1185,1675
1185,1685
1185,1707
1185,1714
1185,1721
1185,1730
1185,1734
1185,1735
1185,1736
1185,1737
1185,1746
1185,1750
1185,1752
1185,1753
1185,1757
1185,1761
1185,1768
1185,1782
1185,1789
1185,1791
1185,1799
1185,1800
1185,1804
1185,1809
1185,1810
1185,1816
1185,1819
1185,1823
1185,1826
1185,1827
1185,1833
1185,1835
1185,1849
1185,1864
1185,1868
1185,1879
1185,1886
1185,1888
1185,1891
1191,1195
1191,1199
1191,1205
1191,1211
1191,1214
1191,1219
1191,1222
1191,1230
1191,1238
1191,1243
1191,1267
1191,1280
1191,1290
1191,1291
1191,1323
1191,1329
1191,1331
1191,1335
1191,1352
1191,1359
1191,1361
1191,1376
1191,1377
1191,1388
1191,1390
1191,1393
1191,1399
1191,1407
1191,1431
1191,1447
1191,1470
1191,1488
1191,1491
1191,1516
1191,1517
1191,1528
1191,1551
1191,1554
1191,1559
1191,1563
1191,1570
1191,1571
1191,1584
1191,1589
1191,1604
1191,1608
1191,1609
1191,1610
1191,1613
1191,1620
1191,1621
1191,1639
1191,1643
1191,1663
1191,1669
1191,1675
1191,1707
1191,1730
1191,1736
1191,1768
1191,1791
1191,1800
1191,1804
1191,1811
1191,1823
1191,1827
1191,1833
1191,1835
1191,1839
1191,1842
1191,1861
1191,1863
1191,1864
1191,1868
1191,1879
1191,1888
1191,1898
1195,1255
1195,1265
1195,1329
1195,1352
1195,1376
1195,1377
1195,1420
1195,1431
1195,1467
1195,1509
1195,1513
1195,1520
1195,1538
1195,1554
1195,1563
1195,1590
1195,1603
1195,1608
1195,1612
1195,1614
1195,1621
1195,1637
1195,1639
1195,1663
1195,1669
1195,1730
1195,1741
1195,1765
1195,1768
1195,1782
1195,1800
1195,1835
1195,1843
1195,1846
1195,1851
1195,1891
1196,1272
1196,1305
1196,1449
1196,1467
1196,1485
1196,1563
1196,1612
1196,1618
1196,1663
1196,1718
1196,1735
1196,1753
1196,1769
1196,1774
1196,1799
1196,1836
1196,1845
1196,1852
1198,1199
1198,1211
1198,1242
1198,1250
1198,1267
1198,1269
1198,1335
1198,1340
1198,1344
1198,1352
1198,1361
1198,1367
1198,1375
1198,1390
1198,1399
1198,1416
1198,1431
1198,1467
1198,1471
1198,1488
1198,1491
1198,1516
1198,1530
1198,1532
1198,1538
1198,1557
1198,1563
1198,1570
1198,1584
1198,1589
1198,1598
1198,1600
1198,1610
1198,1612
1198,1613
1198,1623
1198,1632
1198,1643
1198,1644
1198,1652
1198,1653
1198,1663
1198,1683
1198,1689
1198,1707
1198,1714
1198,1721
1198,1736
1198,1737
1198,1746
1198,1750
1198,1752
1198,1757
1198,1768
1198,1789
1198,1795
1198,1799
1198,1800
1198,1804
1198,1810
1198,1816
1198,1819
1198,1827
1198,1833
1198,1867
1198,1879
1198,1888
1199,1201
1199,1205
1199,1207
1199,1211
1199,1214
1199,1219
1199,1222
1199,1230
1199,1238
1199,1242
1199,1250
1199,1255
1199,1256
1199,1267
1199,1269
1199,1271
1199,1280
1199,1287
1199,1288
1199,1289
1199,1291
1199,1302
1199,1305
1199,1323
1199,1329
1199,1330
1199,1331
1199,1334
1199,1335
1199,1336
1199,1339
1199,1341
1199,1351
1199,1352
1199,1359
1199,1361
1199,1365
1199,1367
1199,1370
1199,1376
1199,1377
1199,1380
1199,1390
1199,1391
1199,1393
1199,1398
1199,1399
1199,1402
1199,1407
1199,1409
1199,1416
1199,1431
1199,1437
1199,1439
1199,1447
1199,1449
1199,1456
1199,1457
1199,1467
1199,1471
1199,1480
1199,1488
1199,1491
1199,1509
1199,1516
1199,1522
1199,1530
1199,1535
1199,1538
1199,1539
1199,1542
1199,1547
1199,1551
1199,1554
1199,1556
1199,1557
1199,1559
1199,1563
1199,1570
1199,1584
1199,1589
1199,1597
1199,1598
1199,1603
1199,1604
1199,1605
1199,1608
1199,1609
1199,1610
1199,1612
1199,1613
1199,1614
1199,1617
1199,1619
1199,1620
1199,1621
1199,1622
1199,1623
1199,1632
1199,1653
1199,1659
1199,1662
1199,1663
1199,1665
1199,1668
1199,1669
1199,1675
1199,1685
1199,1707
1199,1712
1199,1714
1199,1717
1199,1721
1199,1722
1199,1723
1199,1730
1199,1735
1199,1736
1199,1737
1199,1741
1199,1746
1199,1750
1199,1754
1199,1757
1199,1761
1199,1768
1199,1772
1199,1782
1199,1789
1199,1791
1199,1793
1199,1795
1199,1796
1199,1799
1199,1800
1199,1804
1199,1809
1199,1810
1199,1813
1199,1816
1199,1821
1199,1823
1199,1826
1199,1827
1199,1833
1199,1835
1199,1839
1199,1842
1199,1845
1199,1849
1199,1864
1199,1867
1199,1868
1199,1879
1199,1886
1199,1888
1199,1898
1199,1902
1201,1205
1201,1214
1201,1222
1201,1238
1201,1243
1201,1280
1201,1329
1201,1331
1201,1352
1201,1359
1201,1377
1201,1388
1201,1389
1201,1447
1201,1456
1201,1470
1201,1471
1201,1480
1201,1483
1201,1535
1201,1551
1201,1570
1201,1580
1201,1598
1201,1600
1201,1608
1201,1609
1201,1610
1201,1621
1201,1689
1201,1768
1201,1772
1201,1804
1201,1811
1201,1835
1201,1842
1201,1868
1201,1879
1201,1888
1205,1207
1205,1222
1205,1238
1205,1250
1205,1255
1205,1271
1205,1280
1205,1288
1205,1323
1205,1329
1205,1330
1205,1331
1205,1352
1205,1359
1205,1361
1205,1377
1205,1388
1205,1389
1205,1391
1205,1409
1205,1447
1205,1456
1205,1470
1205,1483
1205,1488
1205,1509
1205,1517
1205,1520
1205,1522
1205,1535
1205,1551
1205,1554
1205,1559
1205,1570
1205,1571
1205,1580
1205,1584
1205,1604
1205,1605
1205,1608
1205,1609
1205,1610
1205,1619
1205,1637
1205,1663
1205,1669
1205,1675
1205,1685
1205,1707
1205,1714
1205,1717
1205,1722
1205,1730
1205,1736
1205,1741
1205,1768
1205,1772
1205,1791
1205,1793
1205,1796
1205,1804
1205,1809
1205,1811
1205,1813
1205,1826
1205,1835
1205,1839
1205,1842
1205,1849
1205,1861
1205,1864
1205,1868
1205,1888
1205,1891
1205,1898
1205,1902
1207,1238
1207,1256
1207,1271
1207,1285
1207,1288
1207,1302
1207,1336
1207,1341
1207,1359
1207,1370
1207,1380
1207,1390
1207,1409
1207,1431
1207,1447
1207,1449
1207,1456
1207,1471
1207,1480
1207,1488
1207,1516
1207,1542
1207,1571
1207,1584
1207,1598
1207,1604
1207,1605
1207,1610
1207,1619
1207,1652
1207,1665
1207,1668
1207,1712
1207,1717
1207,1746
1207,1768
1207,1789
1207,1800
1207,1804
1207,1809
1207,1816
1207,1823
1207,1826
1207,1832
1207,1833
1207,1839
1207,1868
1207,1879
1207,1886
1207,1888
1207,1898
1209,1242
1209,1243
1209,1250
1209,1278
1209,1290
1209,1291
1209,1331
1209,1339
1209,1340
1209,1344
1209,1352
1209,1367
1209,1375
1209,1376
1209,1390
1209,1407
1209,1416
1209,1431
1209,1522
1209,1528
1209,1554
1209,1557
1209,1572
1209,1597
1209,1600
1209,1612
1209,1620
1209,1622
1209,1644
1209,1659
1209,1663
1209,1688
1209,1710
1209,1717
1209,1721
1209,1724
1209,1730
1209,1735
1209,1737
1209,1746
1209,1750
1209,1752
1209,1754
1209,1757
1209,1789
1209,1791
1209,1796
1209,1800
1209,1804
1209,1816
1209,1819
1209,1827
1209,1835
1209,1867
1209,1886
1209,1888
1211,1214
1211,1222
1211,1230
1211,1243
1211,1250
1211,1267
1211,1269
1211,1287
1211,1289
1211,1291
1211,1293
1211,1302
1211,1305
1211,1330
1211,1331
1211,1335
1211,1336
1211,1341
1211,1351
1211,1352
1211,1361
1211,1367
1211,1370
1211,1376
1211,1377
1211,1380
1211,1390
1211,1391
1211,1393
1211,1398
1211,1399
1211,1409
1211,1416
1211,1420
1211,1431
1211,1437
1211,1439
1211,1447
1211,1449
1211,1458
1211,1467
1211,1471
1211,1480
1211,1488
1211,1491
1211,1509
1211,1516
1211,1520
1211,1522
1211,1530
1211,1538
1211,1547
1211,1551
1211,1554
1211,1559
1211,1563
1211,1570
1211,1571
1211,1580
1211,1584
1211,1589
1211,1597
1211,1598
1211,1603
1211,1604
1211,1608
1211,1609
1211,1610
1211,1612
1211,1613
1211,1617
1211,1620
1211,1621
1211,1623
1211,1632
1211,1643
1211,1652
1211,1653
1211,1662
1211,1663
1211,1665
1211,1668
1211,1669
1211,1683
1211,1689
1211,1707
1211,1712
1211,1714
1211,1721
1211,1730
1211,1735
1211,1736
1211,1737
1211,1741
1211,1746
1211,1750
1211,1752
1211,1757
1211,1761
1211,1768
1211,1793
1211,1799
1211,1800
1211,1804
1211,1810
1211,1813
1211,1816
1211,1821
1211,1823
1211,1826
1211,1827
1211,1833
1211,1835
1211,1839
1211,1842
1211,1843
1211,1845
1211,1849
1211,1863
1211,1864
1211,1879
1211,1886
1211,1888
1211,1902
1214,1222
1214,1238
1214,1243
1214,1256
1214,1280
1214,1289
1214,1323
1214,1329
1214,1335
1214,1341
1214,1359
1214,1361
1214,1370
1214,1376
1214,1377
1214,1388
1214,1407
1214,1409
1214,1437
1214,1447
1214,1471
1214,1480
1214,1483
1214,1509
1214,1522
1214,1530
1214,1539
1214,1551
1214,1553
1214,1559
1214,1570
1214,1580
1214,1589
1214,1598
1214,1600
1214,1605
1214,1609
1214,1613
1214,1620
1214,1622
1214,1626
1214,1637
1214,1643
1214,1652
1214,1662
1214,1663
1214,1668
1214,1669
1214,1707
1214,1712
1214,1722
1214,1723
1214,1730
1214,1736
1214,1757
1214,1768
1214,1772
1214,1789
1214,1791
1214,1793
1214,1804
1214,1813
1214,1823
1214,1833
1214,1839
1214,1842
1214,1845
1214,1846
1214,1849
1214,1861
1214,1863
1214,1864
1214,1879
1214,1888
1214,1902
1217,1334
1217,1435
1217,1540
1217,1584
1217,1620
1217,1885
1217,1888
1219,1222
1219,1230
1219,1265
1219,1289
1219,1341
1219,1351
1219,1352
1219,1361
1219,1367
1219,1376
1219,1377
1219,1399
1219,1437
1219,1470
1219,1509
1219,1519
1219,1547
1219,1551
1219,1553
1219,1610
1219,1662
1219,1665
1219,1707
1219,1730
1219,1736
1219,1768
1219,1793
1219,1813
1219,1827
1219,1839
1219,1842
1219,1864
1219,1879
1219,1888
1219,1902
1220,1331
1220,1367
1220,1483
1220,1498
1220,1537
1220,1571
1220,1827
1222,1230
1222,1238
1222,1243
1222,1255
1222,1256
1222,1267
1222,1272
1222,1280
1222,1289
1222,1291
1222,1323
1222,1327
1222,1330
1222,1331
1222,1334
1222,1335
1222,1336
1222,1341
1222,1351
1222,1352
1222,1359
1222,1361
1222,1367
1222,1369
1222,1377
1222,1389
1222,1393
1222,1399
1222,1431
1222,1437
1222,1439
1222,1447
1222,1471
1222,1509
1222,1513
1222,1520
1222,1547
1222,1551
1222,1554
1222,1557
1222,1559
1222,1563
1222,1570
1222,1580
1222,1584
1222,1589
1222,1590
1222,1603
1222,1604
1222,1608
1222,1609
1222,1610
1222,1613
1222,1620
1222,1621
1222,1622
1222,1659
1222,1662
1222,1663
1222,1669
1222,1675
1222,1683
1222,1688
1222,1707
1222,1717
1222,1730
1222,1734
1222,1736
1222,1753
1222,1768
1222,1772
1222,1793
1222,1800
1222,1804
1222,1811
1222,1813
1222,1816
1222,1819
1222,1827
1222,1835
1222,1839
1222,1842
1222,1845
1222,1849
1222,1861
1222,1864
1222,1867
1222,1879
1222,1881
1222,1885
1222,1888
1222,1891
1222,1902
1230,1243
1230,1256
1230,1267
1230,1269
1230,1289
1230,1290
1230,1291
1230,1329
1230,1331
1230,1334
1230,1335
1230,1341
1230,1351
1230,1352
1230,1359
1230,1361
1230,1367
1230,1376
1230,1377
1230,1388
1230,1390
1230,1391
1230,1393
1230,1399
1230,1407
1230,1409
1230,1420
1230,1431
1230,1437
1230,1484
1230,1488
1230,1491
1230,1509
1230,1516
1230,1522
1230,1530
1230,1540
1230,1547
1230,1551
1230,1554
1230,1557
1230,1559
1230,1563
1230,1584
1230,1589
1230,1597
1230,1603
1230,1608
1230,1609
1230,1612
1230,1617
1230,1620
1230,1621
1230,1622
1230,1662
1230,1669
1230,1685
1230,1688
1230,1689
1230,1707
1230,1714
1230,1721
1230,1723
1230,1730
1230,1736
1230,1741
1230,1746
1230,1750
1230,1752
1230,1753
1230,1754
1230,1768
1230,1793
1230,1800
1230,1813
1230,1826
1230,1827
1230,1833
1230,1835
1230,1839
1230,1842
1230,1845
1230,1849
1230,1864
1230,1867
1230,1868
1230,1879
1230,1888
1230,1902
1237,1390
1237,1420
1237,1746
1237,1800
1237,1833
1238,1250
1238,1255
1238,1256
1238,1271
1238,1280
1238,1285
1238,1287
1238,1288
1238,1289
1238,1293
1238,1302
1238,1323
1238,1330
1238,1331
1238,1335
1238,1336
1238,1359
1238,1361
1238,1370
1238,1376
1238,1377
1238,1380
1238,1388
1238,1391
1238,1402
1238,1409
1238,1420
1238,1431
1238,1447
1238,1456
1238,1457
1238,1470
1238,1471
1238,1483
1238,1488
1238,1509
1238,1517
1238,1520
1238,1522
1238,1530
1238,1535
1238,1539
1238,1542
1238,1547
1238,1551
1238,1559
1238,1571
1238,1580
1238,1584
1238,1589
1238,1598
1238,1604
1238,1605
1238,1608
1238,1609
1238,1610
1238,1612
1238,1613
1238,1614
1238,1619
1238,1620
1238,1637
1238,1662
1238,1663
1238,1665
1238,1668
1238,1675
1238,1688
1238,1689
1238,1707
1238,1712
1238,1714
1238,1717
1238,1722
1238,1723
1238,1730
1238,1741
1238,1746
1238,1757
1238,1768
1238,1772
1238,1791
1238,1793
1238,1800
1238,1804
1238,1809
1238,1813
1238,1816
1238,1826
1238,1832
1238,1833
1238,1839
1238,1842
1238,1845
1238,1849
1238,1867
1238,1868
1238,1879
1238,1881
1238,1888
1238,1898
1238,1900
1238,1902
1239,1399
1239,1644
1239,1721
1239,1730
1239,1845
1242,1250
1242,1267
1242,1278
1242,1291
1242,1339
1242,1340
1242,1341
1242,1344
1242,1352
1242,1367
1242,1375
1242,1376
1242,1390
1242,1399
1242,1407
1242,1416
1242,1431
1242,1471
1242,1480
1242,1491
1242,1516
1242,1524
1242,1538
1242,1554
1242,1557
1242,1559
1242,1572
1242,1584
1242,1589
1242,1597
1242,1600
1242,1603
1242,1612
1242,1613
1242,1620
1242,1622
1242,1623
1242,1644
1242,1652
1242,1653
1242,1659
1242,1683
1242,1688
1242,1689
1242,1714
1242,1717
1242,1724
1242,1730
1242,1746
1242,1750
1242,1752
1242,1789
1242,1795
1242,1796
1242,1800
1242,1804
1242,1810
1242,1816
1242,1819
1242,1823
1242,1827
1242,1833
1242,1835
1242,1839
1242,1861
1242,1867
1242,1877
1242,1888
1243,1267
1243,1269
1243,1290
1243,1323
1243,1329
1243,1330
1243,1334
1243,1351
1243,1352
1243,1376
1243,1377
1243,1399
1243,1420
1243,1431
1243,1483
1243,1509
1243,1522
1243,1528
1243,1530
1243,1554
1243,1559
1243,1563
1243,1570
1243,1584
1243,1589
1243,1590
1243,1604
1243,1608
1243,1609
1243,1610
1243,1612
1243,1613
1243,1620
1243,1621
1243,1623
1243,1637
1243,1639
1243,1643
1243,1659
1243,1662
1243,1663
1243,1669
1243,1675
1243,1688
1243,1714
1243,1721
1243,1723
1243,1730
1243,1735
1243,1746
1243,1753
1243,1754
1243,1761
1243,1765
1243,1768
1243,1791
1243,1799
1243,1800
1243,1804
1243,1811
1243,1813
1243,1827
1243,1833
1243,1835
1243,1842
1243,1849
1243,1861
1243,1867
1243,1885
1243,1888
1243,1902
1250,1255
1250,1256
1250,1271
1250,1278
1250,1287
1250,1288
1250,1293
1250,1330
1250,1335
1250,1339
1250,1340
1250,1341
1250,1344
1250,1352
1250,1367
1250,1375
1250,1376
1250,1380
1250,1390
1250,1399
1250,1402
1250,1416
1250,1420
1250,1431
1250,1435
1250,1456
1250,1488
1250,1491
1250,1522
1250,1524
1250,1530
1250,1532
1250,1547
1250,1554
1250,1557
1250,1559
1250,1572
1250,1584
1250,1589
1250,1597
1250,1600
1250,1603
1250,1608
1250,1610
1250,1612
1250,1613
1250,1617
1250,1619
1250,1620
1250,1622
1250,1623
1250,1632
1250,1644
1250,1652
1250,1653
1250,1659
1250,1662
1250,1663
1250,1683
1250,1685
1250,1688
1250,1689
1250,1707
1250,1712
1250,1714
1250,1717
1250,1721
1250,1724
1250,1730
1250,1736
1250,1737
1250,1741
1250,1746
1250,1750
1250,1752
1250,1754
1250,1757
1250,1765
1250,1768
1250,1771
1250,1789
1250,1793
1250,1795
1250,1796
1250,1799
1250,1800
1250,1804
1250,1810
1250,1816
1250,1819
1250,1827
1250,1833
1250,1839
1250,1849
1250,1861
1250,1867
1250,1877
1250,1879
1250,1888
1250,1902
1255,1269
1255,1272
1255,1280
1255,1291
1255,1302
1255,1305
1255,1312
1255,1323
1255,1329
1255,1334
1255,1341
1255,1352
1255,1359
1255,1361
1255,1367
1255,1369
1255,1376
1255,1377
1255,1390
1255,1391
1255,1399
1255,1405
1255,1409
1255,1416
1255,1420
1255,1431
1255,1447
1255,1467
1255,1471
1255,1509
1255,1513
1255,1516
1255,1520
1255,1522
1255,1528
1255,1539
1255,1551
1255,1554
1255,1559
1255,1563
1255,1570
1255,1584
1255,1589
1255,1590
1255,1600
1255,1603
1255,1604
1255,1608
1255,1609
1255,1610
1255,1612
1255,1613
1255,1614
1255,1617
1255,1621
1255,1622
1255,1626
1255,1637
1255,1639
1255,1643
1255,1659
1255,1662
1255,1663
1255,1669
1255,1675
1255,1683
1255,1714
1255,1717
1255,1721
1255,1730
1255,1735
1255,1737
1255,1746
1255,1750
1255,1752
1255,1753
1255,1757
1255,1765
1255,1768
1255,1791
1255,1799
1255,1800
1255,1805
1255,1813
1255,1819
1255,1827
1255,1833
1255,1835
1255,1846
1255,1888
1255,1891
1255,1902
1256,1271
1256,1285
1256,1288
1256,1289
1256,1302
1256,1330
1256,1331
1256,1335
1256,1336
1256,1341
1256,1351
1256,1359
1256,1361
1256,1367
1256,1370
1256,1377
1256,1380
1256,1388
1256,1390
1256,1399
1256,1409
1256,1431
1256,1447
1256,1456
1256,1457
1256,1458
1256,1470
1256,1471
1256,1480
1256,1483
1256,1488
1256,1509
1256,1516
1256,1520
1256,1524
1256,1542
1256,1547
1256,1551
1256,1554
1256,1559
1256,1563
1256,1589
1256,1598
1256,1604
1256,1605
1256,1610
1256,1613
1256,1619
1256,1620
1256,1621
1256,1637
1256,1639
1256,1652
1256,1662
1256,1663
1256,1665
1256,1668
1256,1707
1256,1712
1256,1714
1256,1717
1256,1722
1256,1736
1256,1741
1256,1746
1256,1757
1256,1768
1256,1789
1256,1791
1256,1796
1256,1800
1256,1804
1256,1809
1256,1813
1256,1816
1256,1826
1256,1832
1256,1833
1256,1835
1256,1839
1256,1849
1256,1863
1256,1864
1256,1868
1256,1879
1256,1888
1256,1898
1256,1900
1256,1902
1265,1269
1265,1323
1265,1329
1265,1376
1265,1377
1265,1460
1265,1484
1265,1513
1265,1520
1265,1528
1265,1570
1265,1590
1265,1608
1265,1609
1265,1768
1265,1782
1265,1811
1265,1861
1265,1891
1267,1269
1267,1272
1267,1287
1267,1289
1267,1291
1267,1302
1267,1335
1267,1336
1267,1339
1267,1341
1267,1352
1267,1365
1267,1370
1267,1376
1267,1377
1267,1390
1267,1391
1267,1399
1267,1402
1267,1431
1267,1447
1267,1467
1267,1483
1267,1491
1267,1509
1267,1516
1267,1520
1267,1522
1267,1530
1267,1557
1267,1559
1267,1570
1267,1584
1267,1589
1267,1590
1267,1597
1267,1603
1267,1608
1267,1612
1267,1613
1267,1617
1267,1621
1267,1622
1267,1623
1267,1643
1267,1644
1267,1662
1267,1663
1267,1668
1267,1689
1267,1707
1267,1712
1267,1714
1267,1717
1267,1723
1267,1730
1267,1735
1267,1736
1267,1746
1267,1750
1267,1752
1267,1753
1267,1761
1267,1768
1267,1791
1267,1793
1267,1795
1267,1796
1267,1799
1267,1800
1267,1804
1267,1823
1267,1827
1267,1833
1267,1835
1267,1839
1267,1849
1267,1867
1267,1868
1267,1886
1267,1888
1267,1891
1269,1291
1269,1302
1269,1305
1269,1312
1269,1329
1269,1331
1269,1334
1269,1352
1269,1367
1269,1376
1269,1377
1269,1388
1269,1391
1269,1399
1269,1409
1269,1420
1269,1431
1269,1439
1269,1456
1269,1460
1269,1467
1269,1471
1269,1480
1269,1484
1269,1491
1269,1509
1269,1513
1269,1516
1269,1522
1269,1528
1269,1538
1269,1547
1269,1554
1269,1557
1269,1559
1269,1570
1269,1580
1269,1584
1269,1589
1269,1600
1269,1603
1269,1608
1269,1609
1269,1610
1269,1612
1269,1613
1269,1617
1269,1621
1269,1622
1269,1623
1269,1637
1269,1643
1269,1663
1269,1668
1269,1669
1269,1675
1269,1685
1269,1688
1269,1714
1269,1721
1269,1730
1269,1735
1269,1736
1269,1746
1269,1750
1269,1753
1269,1754
1269,1757
1269,1761
1269,1768
1269,1782
1269,1799
1269,1800
1269,1804
1269,1810
1269,1816
1269,1819
1269,1823
1269,1827
1269,1833
1269,1835
1269,1845
1269,1864
1269,1879
1269,1886
1269,1888
1269,1891
1271,1280
1271,1285
1271,1288
1271,1291
1271,1302
1271,1330
1271,1331
1271,1336
1271,1352
1271,1370
1271,1380
1271,1390
1271,1391
1271,1399
1271,1402
1271,1431
1271,1447
1271,1449
1271,1456
1271,1457
1271,1471
1271,1480
1271,1483
1271,1488
1271,1559
1271,1584
1271,1598
1271,1604
1271,1605
1271,1610
1271,1612
1271,1613
1271,1619
1271,1663
1271,1665
1271,1668
1271,1707
1271,1712
1271,1714
1271,1717
1271,1722
1271,1741
1271,1746
1271,1757
1271,1768
1271,1793
1271,1800
1271,1804
1271,1809
1271,1816
1271,1826
1271,1832
1271,1833
1271,1849
1271,1868
1271,1879
1271,1888
1271,1898
1271,1902
1272,1305
1272,1312
1272,1327
1272,1329
1272,1352
1272,1367
1272,1369
1272,1376
1272,1391
1272,1402
1272,1405
1272,1420
1272,1431
1272,1449
1272,1460
1272,1467
1272,1485
1272,1488
1272,1491
1272,1509
1272,1513
1272,1516
1272,1520
1272,1551
1272,1554
1272,1559
1272,1563
1272,1584
1272,1589
1272,1590
1272,1603
1272,1610
1272,1612
1272,1613
1272,1622
1272,1639
1272,1644
1272,1662
1272,1669
1272,1685
1272,1714
1272,1723
1272,1730
1272,1735
1272,1753
1272,1761
1272,1765
1272,1793
1272,1799
1272,1800
1272,1804
1272,1813
1272,1823
1272,1833
1272,1835
1272,1836
1272,1839
1272,1846
1272,1886
1272,1888
1272,1891
1278,1344
1278,1367
1278,1375
1278,1416
1278,1471
1278,1523
1278,1524
1278,1572
1278,1688
1278,1724
1278,1730
1278,1746
1278,1750
1278,1757
1278,1771
1278,1800
1278,1810
1278,1827
1278,1867
1280,1330
1280,1331
1280,1352
1280,1359
1280,1388
1280,1391
1280,1402
1280,1409
1280,1431
1280,1447
1280,1456
1280,1470
1280,1483
1280,1488
1280,1509
1280,1535
1280,1551
1280,1570
1280,1598
1280,1604
1280,1605
1280,1608
1280,1609
1280,1637
1280,1662
1280,1663
1280,1674
1280,1707
1280,1722
1280,1723
1280,1736
1280,1741
1280,1768
1280,1791
1280,1793
1280,1804
1280,1809
1280,1813
1280,1832
1280,1835
1280,1839
1280,1842
1280,1849
1280,1861
1280,1868
1280,1902
1283,1327
1283,1369
1283,1411
1283,1520
1283,1523
1283,1540
1283,1554
1283,1626
1283,1683
1283,1827
1283,1852
1283,1863
1283,1891
1285,1288
1285,1336
1285,1370
1285,1380
1285,1391
1285,1399
1285,1431
1285,1447
1285,1456
1285,1457
1285,1471
1285,1488
1285,1547
1285,1598
1285,1610
1285,1619
1285,1662
1285,1665
1285,1668
1285,1707
1285,1712
1285,1736
1285,1793
1285,1809
1285,1832
1285,1839
1285,1849
1285,1868
1285,1879
1285,1888
1285,1898
1285,1900
1287,1293
1287,1329
1287,1331
1287,1352
1287,1367
1287,1370
1287,1375
1287,1390
1287,1399
1287,1456
1287,1471
1287,1516
1287,1547
1287,1554
1287,1557
1287,1559
1287,1584
1287,1589
1287,1598
1287,1610
1287,1612
1287,1617
1287,1621
1287,1623
1287,1663
1287,1712
1287,1714
1287,1730
1287,1735
1287,1746
1287,1757
1287,1795
1287,1799
1287,1800
1287,1804
1287,1816
1287,1823
1287,1826
1287,1827
1287,1833
1287,1845
1287,1864
1287,1867
1287,1886
1287,1888
1288,1289
1288,1330
1288,1331
1288,1335
1288,1336
1288,1352
1288,1359
1288,1370
1288,1380
1288,1388
1288,1390
1288,1391
1288,1399
1288,1402
1288,1431
1288,1447
1288,1456
1288,1457
1288,1470
1288,1471
1288,1488
1288,1491
1288,1542
1288,1547
1288,1598
1288,1605
1288,1610
1288,1619
1288,1621
1288,1622
1288,1663
1288,1665
1288,1668
1288,1707
1288,1712
1288,1714
1288,1717
1288,1736
1288,1741
1288,1746
1288,1757
1288,1800
1288,1804
1288,1809
1288,1810
1288,1816
1288,1826
1288,1832
1288,1833
1288,1839
1288,1842
1288,1849
1288,1868
1288,1879
1288,1888
1288,1898
1288,1900
1289,1291
1289,1335
1289,1352
1289,1367
1289,1390
1289,1399
1289,1431
1289,1437
1289,1471
1289,1483
1289,1491
1289,1530
1289,1547
1289,1551
1289,1584
1289,1589
1289,1598
1289,1603
1289,1604
1289,1612
1289,1613
1289,1617
1289,1619
1289,1622
1289,1632
1289,1643
1289,1663
1289,1665
1289,1668
1289,1707
1289,1714
1289,1730
1289,1736
1289,1750
1289,1768
1289,1791
1289,1795
1289,1804
1289,1809
1289,1823
1289,1827
1289,1833
1289,1839
1289,1842
1289,1864
1289,1879
1289,1886
1289,1888
1290,1312
1290,1329
1290,1335
1290,1339
1290,1352
1290,1365
1290,1377
1290,1390
1290,1393
1290,1407
1290,1416
1290,1420
1290,1460
1290,1520
1290,1522
1290,1523
1290,1524
1290,1528
1290,1554
1290,1557
1290,1559
1290,1563
1290,1570
1290,1589
1290,1590
1290,1597
1290,1600
1290,1609
1290,1612
1290,1613
1290,1614
1290,1619
1290,1620
1290,1622
1290,1632
1290,1659
1290,1663
1290,1669
1290,1683
1290,1688
1290,1689
1290,1700
1290,1721
1290,1730
1290,1746
1290,1750
1290,1752
1290,1753
1290,1754
1290,1768
1290,1791
1290,1793
1290,1796
1290,1800
1290,1827
1290,1833
1290,1835
1290,1845
1290,1864
1290,1867
1290,1891
1291,1302
1291,1329
1291,1334
1291,1335
1291,1341
1291,1352
1291,1370
1291,1376
1291,1377
1291,1390
1291,1391
1291,1398
1291,1399
1291,1401
1291,1416
1291,1420
1291,1431
1291,1437
1291,1467
1291,1471
1291,1488
1291,1491
1291,1516
1291,1530
1291,1547
1291,1551
1291,1559
1291,1570
1291,1584
1291,1589
1291,1590
1291,1597
1291,1598
1291,1603
1291,1608
1291,1613
1291,1619
1291,1621
1291,1622
1291,1637
1291,1643
1291,1663
1291,1668
1291,1675
1291,1707
1291,1712
1291,1714
1291,1730
1291,1736
1291,1741
1291,1746
1291,1750
1291,1752
1291,1754
1291,1761
1291,1768
1291,1789
1291,1791
1291,1793
1291,1795
1291,1800
1291,1804
1291,1810
1291,1813
1291,1823
1291,1827
1291,1833
1291,1835
1291,1839
1291,1842
1291,1864
1291,1879
1291,1888
1293,1305
1293,1331
1293,1335
1293,1339
1293,1340
1293,1352
1293,1367
1293,1376
1293,1488
1293,1516
1293,1522
1293,1554
1293,1557
1293,1589
1293,1605
1293,1608
1293,1613
1293,1617
1293,1621
1293,1632
1293,1653
1293,1662
1293,1689
1293,1707
1293,1714
1293,1730
1293,1746
1293,1768
1293,1796
1293,1800
1293,1826
1293,1835
1293,1888
1302,1305
1302,1329
1302,1331
1302,1352
1302,1367
1302,1370
1302,1376
1302,1377
1302,1390
1302,1391
1302,1399
1302,1431
1302,1449
1302,1456
1302,1467
1302,1471
1302,1488
1302,1491
1302,1516
1302,1517
1302,1538
1302,1557
1302,1584
1302,1589
1302,1598
1302,1603
1302,1604
1302,1610
1302,1612
1302,1613
1302,1617
1302,1619
1302,1621
1302,1622
1302,1659
1302,1663
1302,1665
1302,1668
1302,1669
1302,1707
1302,1712
1302,1714
1302,1735
1302,1736
1302,1746
1302,1750
1302,1752
1302,1757
1302,1761
1302,1768
1302,1791
1302,1799
1302,1800
1302,1804
1302,1810
1302,1816
1302,1823
1302,1826
1302,1827
1302,1833
1302,1835
1302,1839
1302,1886
1302,1888
1302,1900
1305,1312
1305,1341
1305,1352
1305,1367
1305,1376
1305,1390
1305,1391
1305,1398
1305,1402
1305,1409
1305,1420
1305,1431
1305,1440
1305,1449
1305,1467
1305,1471
1305,1480
1305,1485
1305,1488
1305,1509
1305,1513
1305,1516
1305,1524
1305,1538
1305,1559
1305,1563
1305,1570
1305,1584
1305,1589
1305,1590
1305,1603
1305,1610
1305,1612
1305,1613
1305,1614
1305,1617
1305,1621
1305,1622
1305,1637
1305,1656
1305,1663
1305,1668
1305,1683
1305,1714
1305,1730
1305,1735
1305,1746
1305,1757
1305,1761
1305,1768
1305,1769
1305,1774
1305,1782
1305,1799
1305,1800
1305,1804
1305,1805
1305,1813
1305,1823
1305,1833
1305,1835
1305,1836
1305,1846
1305,1852
1305,1860
1305,1863
1305,1877
1305,1886
1305,1888
1312,1329
1312,1352
1312,1361
1312,1367
1312,1369
1312,1376
1312,1391
1312,1398
1312,1405
1312,1420
1312,1431
1312,1467
1312,1485
1312,1513
1312,1520
1312,1522
1312,1544
1312,1557
1312,1563
1312,1570
1312,1584
1312,1589
1312,1590
1312,1603
1312,1612
1312,1613
1312,1614
1312,1617
1312,1621
1312,1622
1312,1637
1312,1663
1312,1675
1312,1685
1312,1714
1312,1717
1312,1718
1312,1730
1312,1734
1312,1736
1312,1750
1312,1765
1312,1768
1312,1793
1312,1795
1312,1819
1312,1827
1312,1833
1312,1835
1312,1846
1312,1864
1312,1879
1312,1888
1323,1330
1323,1335
1323,1352
1323,1359
1323,1361
1323,1377
1323,1389
1323,1407
1323,1447
1323,1460
1323,1470
1323,1509
1323,1520
1323,1530
1323,1535
1323,1551
1323,1554
1323,1559
1323,1563
1323,1570
1323,1604
1323,1609
1323,1610
1323,1617
1323,1621
1323,1637
1323,1643
1323,1662
1323,1663
1323,1669
1323,1675
1323,1730
1323,1753
1323,1768
1323,1791
1323,1799
1323,1811
1323,1813
1323,1835
1323,1839
1323,1842
1323,1868
1323,1888
1323,1891
1323,1902
1327,1352
1327,1361
1327,1369
1327,1390
1327,1435
1327,1520
1327,1523
1327,1540
1327,1563
1327,1597
1327,1600
1327,1618
1327,1626
1327,1656
1327,1663
1327,1683
1327,1689
1327,1718
1327,1769
1327,1774
1327,1800
1327,1813
1327,1819
1327,1836
1327,1852
1327,1909
1329,1331
1329,1334
1329,1352
1329,1376
1329,1377
1329,1388
1329,1389
1329,1391
1329,1393
1329,1405
1329,1407
1329,1409
1329,1420
1329,1431
1329,1460
1329,1467
1329,1471
1329,1509
1329,1513
1329,1516
1329,1519
1329,1522
1329,1528
1329,1539
1329,1551
1329,1554
1329,1557
1329,1559
1329,1563
1329,1570
1329,1584
1329,1589
1329,1590
1329,1600
1329,1603
1329,1608
1329,1609
1329,1612
1329,1613
1329,1617
1329,1620
1329,1621
1329,1637
1329,1639
1329,1643
1329,1662
1329,1663
1329,1669
1329,1675
1329,1683
1329,1685
1329,1688
1329,1714
1329,1723
1329,1730
1329,1734
1329,1735
1329,1746
1329,1750
1329,1753
1329,1754
1329,1757
1329,1761
1329,1765
1329,1768
1329,1774
1329,1791
1329,1799
1329,1800
1329,1804
1329,1813
1329,1819
1329,1823
1329,1827
1329,1833
1329,1835
1329,1842
1329,1843
1329,1845
1329,1851
1329,1861
1329,1864
1329,1868
1329,1888
1329,1902
1330,1331
1330,1335
1330,1352
1330,1359
1330,1361
1330,1370
1330,1377
1330,1388
1330,1389
1330,1390
1330,1391
1330,1399
1330,1401
1330,1420
1330,1431
1330,1447
1330,1456
1330,1471
1330,1483
1330,1488
1330,1520
1330,1535
1330,1551
1330,1554
1330,1559
1330,1570
1330,1571
1330,1580
1330,1584
1330,1589
1330,1598
1330,1603
1330,1604
1330,1605
1330,1608
1330,1609
1330,1610
1330,1613
1330,1619
1330,1621
1330,1622
1330,1623
1330,1663
1330,1665
1330,1669
1330,1675
1330,1685
1330,1707
1330,1714
1330,1722
1330,1730
1330,1736
1330,1746
1330,1768
1330,1772
1330,1791
1330,1795
1330,1800
1330,1804
1330,1809
1330,1811
1330,1816
1330,1821
1330,1823
1330,1826
1330,1833
1330,1835
1330,1839
1330,1842
1330,1861
1330,1868
1330,1879
1330,1888
1330,1898
1330,1900
1331,1339
1331,1341
1331,1352
1331,1361
1331,1367
1331,1370
1331,1376
1331,1377
1331,1380
1331,1388
1331,1390
1331,1393
1331,1399
1331,1402
1331,1409
1331,1420
1331,1431
1331,1447
1331,1456
1331,1457
1331,1470
1331,1471
1331,1483
1331,1484
1331,1488
1331,1509
1331,1516
1331,1522
1331,1530
1331,1539
1331,1547
1331,1551
1331,1559
1331,1584
1331,1589
1331,1598
1331,1603
1331,1605
1331,1608
1331,1610
1331,1612
1331,1613
1331,1617
1331,1619
1331,1620
1331,1622
1331,1623
1331,1632
1331,1652
1331,1662
1331,1663
1331,1665
1331,1685
1331,1707
1331,1714
1331,1721
1331,1722
1331,1730
1331,1736
1331,1741
1331,1746
1331,1754
1331,1768
1331,1789
1331,1793
1331,1800
1331,1804
1331,1809
1331,1816
1331,1823
1331,1826
1331,1827
1331,1835
1331,1839
1331,1843
1331,1845
1331,1849
1331,1861
1331,1864
1331,1867
1331,1868
1331,1879
1331,1888
1331,1902
1334,1341
1334,1352
1334,1361
1334,1376
1334,1377
1334,1389
1334,1391
1334,1393
1334,1409
1334,1420
1334,1431
1334,1435
1334,1467
1334,1471
1334,1509
1334,1516
1334,1520
1334,1535
1334,1540
1334,1551
1334,1554
1334,1559
1334,1563
1334,1570
1334,1584
1334,1589
1334,1603
1334,1608
1334,1612
1334,1613
1334,1620
1334,1621
1334,1637
1334,1663
1334,1669
1334,1675
1334,1685
1334,1718
1334,1730
1334,1734
1334,1735
1334,1753
1334,1761
1334,1765
1334,1768
1334,1782
1334,1793
1334,1813
1334,1823
1334,1827
1334,1833
1334,1835
1334,1888
1334,1891
1335,1339
1335,1341
1335,1351
1335,1352
1335,1365
1335,1367
1335,1369
1335,1370
1335,1376
1335,1377
1335,1390
1335,1391
1335,1393
1335,1399
1335,1431
1335,1437
1335,1447
1335,1456
1335,1471
1335,1483
1335,1488
1335,1491
1335,1516
1335,1522
1335,1530
1335,1538
1335,1547
1335,1551
1335,1554
1335,1557
1335,1559
1335,1580
1335,1584
1335,1589
1335,1597
1335,1598
1335,1603
1335,1604
1335,1608
1335,1610
1335,1612
1335,1613
1335,1619
1335,1621
1335,1622
1335,1623
1335,1632
1335,1662
1335,1663
1335,1665
1335,1668
1335,1707
1335,1712
1335,1714
1335,1721
1335,1730
1335,1736
1335,1737
1335,1746
1335,1754
1335,1757
1335,1772
1335,1789
1335,1793
1335,1796
1335,1799
1335,1800
1335,1804
1335,1810
1335,1811
1335,1813
1335,1816
1335,1823
1335,1827
1335,1833
1335,1839
1335,1842
1335,1849
1335,1864
1335,1879
1335,1888
1335,1902
1336,1359
1336,1370
1336,1380
1336,1391
1336,1399
1336,1447
1336,1449
1336,1456
1336,1488
1336,1491
1336,1516
1336,1547
1336,1580
1336,1598
1336,1604
1336,1610
1336,1619
1336,1622
1336,1632
1336,1663
1336,1668
1336,1712
1336,1714
1336,1809
1336,1833
1336,1839
1336,1888
1336,1898
1339,1340
1339,1344
1339,1352
1339,1367
1339,1375
1339,1390
1339,1391
1339,1399
1339,1416
1339,1431
1339,1467
1339,1471
1339,1491
1339,1530
1339,1532
1339,1538
1339,1540
1339,1557
1339,1563
1339,1572
1339,1584
1339,1589
1339,1598
1339,1600
1339,1608
1339,1610
1339,1612
1339,1613
1339,1621
1339,1622
1339,1623
1339,1632
1339,1643
1339,1644
1339,1652
1339,1653
1339,1659
1339,1663
1339,1683
1339,1688
1339,1689
1339,1707
1339,1712
1339,1714
1339,1724
1339,1735
1339,1736
1339,1737
1339,1746
1339,1750
1339,1752
1339,1757
1339,1768
1339,1771
1339,1789
1339,1795
1339,1796
1339,1799
1339,1800
1339,1804
1339,1810
1339,1816
1339,1819
1339,1826
1339,1827
1339,1833
1339,1839
1339,1867
1339,1879
1339,1886
1339,1888
1340,1341
1340,1344
1340,1375
1340,1376
1340,1390
1340,1416
1340,1491
1340,1516
1340,1532
1340,1538
1340,1539
1340,1547
1340,1557
1340,1572
1340,1597
1340,1600
1340,1610
1340,1612
1340,1613
1340,1620
1340,1622
1340,1623
1340,1632
1340,1644
1340,1652
1340,1653
1340,1683
1340,1688
1340,1714
1340,1717
1340,1721
1340,1746
1340,1750
1340,1789
1340,1799
1340,1800
1340,1810
1340,1819
1340,1826
1340,1827
1340,1833
1340,1867
1340,1877
1340,1886
1340,1888
1341,1351
1341,1352
1341,1361
1341,1367
1341,1370
1341,1376
1341,1377
1341,1380
1341,1390
1341,1391
1341,1393
1341,1399
1341,1416
1341,1420
1341,1431
1341,1437
1341,1449
1341,1467
1341,1471
1341,1488
1341,1491
1341,1516
1341,1530
1341,1538
1341,1542
1341,1547
1341,1551
1341,1559
1341,1563
1341,1584
1341,1589
1341,1598
1341,1603
1341,1605
1341,1608
1341,1610
1341,1612
1341,1619
1341,1621
1341,1632
1341,1663
1341,1665
1341,1668
1341,1683
1341,1685
1341,1707
1341,1712
1341,1714
1341,1721
1341,1730
1341,1734
1341,1735
1341,1736
1341,1746
1341,1750
1341,1761
1341,1789
1341,1799
1341,1800
1341,1804
1341,1810
1341,1816
1341,1821
1341,1823
1341,1826
1341,1827
1341,1833
1341,1835
1341,1839
1341,1842
1341,1845
1341,1864
1341,1879
1341,1886
1341,1888
1341,1898
1344,1352
1344,1367
1344,1375
1344,1376
1344,1390
1344,1399
1344,1416
1344,1431
1344,1491
1344,1524
1344,1532
1344,1538
1344,1554
1344,1557
1344,1570
1344,1572
1344,1589
1344,1597
1344,1600
1344,1610
1344,1612
1344,1620
1344,1622
1344,1623
1344,1644
1344,1652
1344,1653
1344,1659
1344,1663
1344,1669
1344,1683
1344,1685
1344,1688
1344,1689
1344,1710
1344,1714
1344,1717
1344,1721
1344,1724
1344,1730
1344,1735
1344,1737
1344,1746
1344,1750
1344,1752
1344,1757
1344,1771
1344,1789
1344,1795
1344,1796
1344,1799
1344,1800
1344,1804
1344,1810
1344,1816
1344,1827
1344,1835
1344,1861
1344,1867
1344,1888
1351,1352
1351,1361
1351,1367
1351,1391
1351,1399
1351,1431
1351,1437
1351,1516
1351,1522
1351,1547
1351,1551
1351,1554
1351,1610
1351,1612
1351,1617
1351,1619
1351,1621
1351,1662
1351,1668
1351,1707
1351,1712
1351,1730
1351,1736
1351,1757
1351,1793
1351,1799
1351,1800
1351,1804
1351,1809
1351,1821
1351,1827
1351,1833
1351,1839
1351,1845
1351,1849
1351,1864
1351,1879
1351,1888
1351,1902
1352,1361
1352,1367
1352,1369
1352,1375
1352,1376
1352,1377
1352,1380
1352,1390
1352,1391
1352,1399
1352,1416
1352,1420
1352,1431
1352,1437
1352,1439
1352,1447
1352,1449
1352,1456
1352,1467
1352,1471
1352,1484
1352,1485
1352,1488
1352,1491
1352,1509
1352,1516
1352,1520
1352,1522
1352,1523
1352,1528
1352,1530
1352,1535
1352,1539
1352,1540
1352,1542
1352,1547
1352,1551
1352,1554
1352,1557
1352,1559
1352,1563
1352,1570
1352,1572
1352,1580
1352,1584
1352,1589
1352,1590
1352,1597
1352,1598
1352,1600
1352,1603
1352,1604
1352,1605
1352,1608
1352,1609
1352,1610
1352,1612
1352,1613
1352,1614
1352,1617
1352,1619
1352,1620
1352,1621
1352,1622
1352,1623
1352,1637
1352,1639
1352,1643
1352,1644
1352,1659
1352,1662
1352,1663
1352,1665
1352,1668
1352,1669
1352,1675
1352,1683
1352,1685
1352,1688
1352,1689
1352,1707
1352,1712
1352,1714
1352,1717
1352,1718
1352,1721
1352,1724
1352,1730
1352,1734
1352,1735
1352,1736
1352,1737
1352,1741
1352,1746
1352,1750
1352,1752
1352,1753
1352,1757
1352,1761
1352,1765
1352,1768
1352,1772
1352,1780
1352,1782
1352,1791
1352,1793
1352,1795
1352,1799
1352,1800
1352,1804
1352,1809
1352,1810
1352,1811
1352,1813
1352,1816
1352,1819
1352,1823
1352,1826
1352,1827
1352,1833
1352,1835
1352,1839
1352,1842
1352,1845
1352,1846
1352,1849
1352,1860
1352,1861
1352,1867
1352,1868
1352,1879
1352,1886
1352,1888
1352,1891
1352,1898
1352,1902
1357,1393
1357,1422
1357,1688
1359,1361
1359,1377
1359,1388
1359,1389
1359,1391
1359,1402
1359,1409
1359,1447
1359,1470
1359,1483
1359,1488
1359,1509
1359,1517
1359,1535
1359,1551
1359,1557
1359,1559
1359,1570
1359,1571
1359,1580
1359,1604
1359,1605
1359,1608
1359,1609
1359,1619
1359,1620
1359,1637
1359,1663
1359,1669
1359,1675
1359,1714
1359,1717
1359,1722
1359,1730
1359,1741
1359,1754
1359,1768
1359,1772
1359,1791
1359,1793
1359,1796
1359,1804
1359,1811
1359,1813
1359,1826
1359,1835
1359,1839
1359,1861
1359,1868
1359,1898
1359,1900
1359,1902
1361,1376
1361,1377
1361,1388
1361,1390
1361,1391
1361,1398
1361,1399
1361,1402
1361,1409
1361,1420
1361,1431
1361,1440
1361,1447
1361,1456
1361,1458
1361,1470
1361,1488
1361,1509
1361,1516
1361,1520
1361,1540
1361,1542
1361,1547
1361,1551
1361,1554
1361,1557
1361,1559
1361,1563
1361,1570
1361,1584
1361,1589
1361,1603
1361,1604
1361,1605
1361,1610
1361,1612
1361,1614
1361,1619
1361,1621
1361,1626
1361,1637
1361,1644
1361,1662
1361,1663
1361,1668
1361,1669
1361,1674
1361,1707
1361,1714
1361,1717
1361,1718
1361,1722
1361,1723
1361,1730
1361,1736
1361,1741
1361,1753
1361,1768
1361,1791
1361,1793
1361,1796
1361,1800
1361,1805
1361,1811
1361,1813
1361,1833
1361,1835
1361,1839
1361,1842
1361,1843
1361,1849
1361,1863
1361,1867
1361,1868
1361,1879
1361,1888
1361,1891
1361,1898
1361,1902
1361,1909
1365,1420
1365,1431
1365,1491
1365,1530
1365,1538
1365,1557
1365,1559
1365,1584
1365,1589
1365,1612
1365,1617
1365,1623
1365,1643
1365,1663
1365,1669
1365,1689
1365,1714
1365,1737
1365,1752
1365,1799
1365,1810
1365,1823
1365,1842
1365,1886
1367,1375
1367,1376
1367,1377
1367,1380
1367,1390
1367,1391
1367,1399
1367,1416
1367,1420
1367,1431
1367,1449
1367,1471
1367,1488
1367,1491
1367,1509
1367,1516
1367,1520
1367,1522
1367,1524
1367,1530
1367,1539
1367,1547
1367,1551
1367,1554
1367,1557
1367,1572
1367,1584
1367,1589
1367,1597
1367,1600
1367,1603
1367,1605
1367,1610
1367,1612
1367,1613
1367,1617
1367,1618
1367,1620
1367,1621
1367,1622
1367,1623
1367,1632
1367,1644
1367,1652
1367,1653
1367,1659
1367,1663
1367,1665
1367,1668
1367,1669
1367,1683
1367,1685
1367,1688
1367,1689
1367,1707
1367,1714
1367,1717
1367,1721
1367,1724
1367,1730
1367,1735
1367,1737
1367,1741
1367,1746
1367,1750
1367,1752
1367,1757
1367,1782
1367,1789
1367,1791
1367,1793
1367,1796
1367,1799
1367,1800
1367,1804
1367,1809
1367,1810
1367,1813
1367,1816
1367,1819
1367,1823
1367,1826
1367,1827
1367,1833
1367,1835
1367,1839
1367,1849
1367,1851
1367,1867
1367,1877
1367,1879
1367,1886
1367,1888
1367,1909
1369,1405
1369,1420
1369,1460
1369,1471
1369,1509
1369,1522
1369,1523
1369,1559
1369,1563
1369,1589
1369,1590
1369,1608
1369,1617
1369,1644
1369,1656
1369,1663
1369,1718
1369,1757
1369,1769
1369,1780
1369,1835
1369,1836
1369,1846
1369,1851
1369,1852
1370,1380
1370,1388
1370,1390
1370,1391
1370,1399
1370,1409
1370,1431
1370,1447
1370,1449
1370,1456
1370,1457
1370,1471
1370,1480
1370,1483
1370,1488
1370,1516
1370,1517
1370,1522
1370,1542
1370,1547
1370,1559
1370,1584
1370,1589
1370,1598
1370,1600
1370,1604
1370,1605
1370,1610
1370,1612
1370,1617
1370,1619
1370,1622
1370,1662
1370,1663
1370,1665
1370,1668
1370,1707
1370,1712
1370,1714
1370,1723
1370,1736
1370,1741
1370,1746
1370,1757
1370,1793
1370,1800
1370,1804
1370,1809
1370,1816
1370,1821
1370,1823
1370,1826
1370,1827
1370,1832
1370,1833
1370,1839
1370,1849
1370,1868
1370,1879
1370,1886
1370,1888
1370,1898
1370,1900
1370,1902
1375,1390
1375,1416
1375,1524
1375,1532
1375,1538
1375,1557
1375,1572
1375,1584
1375,1589
1375,1597
1375,1612
1375,1613
1375,1617
1375,1620
1375,1621
1375,1623
1375,1644
1375,1659
1375,1669
1375,1688
1375,1714
1375,1717
1375,1721
1375,1724
1375,1730
1375,1735
1375,1737
1375,1746
1375,1750
1375,1752
1375,1771
1375,1789
1375,1795
1375,1796
1375,1799
1375,1800
1375,1810
1375,1827
1375,1833
1375,1867
1375,1886
1375,1888
1376,1377
1376,1390
1376,1391
1376,1393
1376,1399
1376,1405
1376,1416
1376,1420
1376,1431
1376,1447
1376,1460
1376,1467
1376,1471
1376,1485
1376,1491
1376,1509
1376,1513
1376,1516
1376,1520
1376,1522
1376,1523
1376,1528
1376,1539
1376,1547
1376,1551
1376,1554
1376,1557
1376,1559
1376,1563
1376,1570
1376,1584
1376,1589
1376,1590
1376,1597
1376,1600
1376,1603
1376,1608
1376,1609
1376,1610
1376,1612
1376,1613
1376,1617
1376,1621
1376,1622
1376,1623
1376,1632
1376,1637
1376,1639
1376,1643
1376,1653
1376,1659
1376,1662
1376,1663
1376,1669
1376,1675
1376,1683
1376,1685
1376,1689
1376,1707
1376,1714
1376,1717
1376,1718
1376,1721
1376,1724
1376,1730
1376,1735
1376,1736
1376,1737
1376,1741
1376,1746
1376,1750
1376,1752
1376,1753
1376,1757
1376,1761
1376,1765
1376,1768
1376,1774
1376,1782
1376,1789
1376,1791
1376,1793
1376,1795
1376,1799
1376,1800
1376,1804
1376,1810
1376,1811
1376,1813
1376,1816
1376,1819
1376,1823
1376,1826
1376,1827
1376,1833
1376,1835
1376,1839
1376,1842
1376,1846
1376,1851
1376,1864
1376,1867
1376,1879
1376,1888
1376,1891
1376,1902
1377,1388
1377,1389
1377,1391
1377,1399
1377,1409
1377,1416
1377,1420
1377,1431
1377,1447
1377,1449
1377,1467
1377,1470
1377,1471
1377,1483
1377,1488
1377,1491
1377,1509
1377,1513
1377,1516
1377,1520
1377,1522
1377,1528
1377,1535
1377,1539
1377,1540
1377,1551
1377,1554
1377,1557
1377,1559
1377,1563
1377,1570
1377,1584
1377,1589
1377,1590
1377,1597
1377,1598
1377,1600
1377,1603
1377,1604
1377,1608
1377,1609
1377,1610
1377,1612
1377,1613
1377,1614
1377,1617
1377,1620
1377,1621
1377,1622
1377,1623
1377,1637
1377,1639
1377,1643
1377,1646
1377,1659
1377,1662
1377,1663
1377,1669
1377,1675
1377,1683
1377,1685
1377,1688
1377,1689
1377,1707
1377,1714
1377,1717
1377,1721
1377,1723
1377,1730
1377,1741
1377,1746
1377,1750
1377,1753
1377,1757
1377,1761
1377,1765
1377,1768
1377,1782
1377,1791
1377,1793
1377,1799
1377,1800
1377,1804
1377,1811
1377,1813
1377,1816
1377,1823
1377,1827
1377,1833
1377,1835
1377,1839
1377,1842
1377,1843
1377,1851
1377,1861
1377,1864
1377,1867
1377,1868
1377,1879
1377,1881
1377,1885
1377,1886
1377,1888
1377,1891
1377,1898
1377,1902
1380,1388
1380,1390
1380,1391
1380,1399
1380,1402
1380,1420
1380,1431
1380,1447
1380,1456
1380,1457
1380,1488
1380,1516
1380,1522
1380,1523
1380,1547
1380,1554
1380,1570
1380,1584
1380,1598
1380,1600
1380,1604
1380,1605
1380,1610
1380,1619
1380,1621
1380,1622
1380,1623
1380,1662
1380,1665
1380,1685
1380,1689
1380,1707
1380,1712
1380,1714
1380,1730
1380,1741
1380,1746
1380,1789
1380,1800
1380,1809
1380,1816
1380,1826
1380,1832
1380,1839
1380,1868
1380,1879
1380,1888
1380,1898
1385,1688
1388,1391
1388,1393
1388,1399
1388,1402
1388,1409
1388,1447
1388,1456
1388,1470
1388,1483
1388,1520
1388,1522
1388,1535
1388,1551
1388,1571
1388,1580
1388,1589
1388,1598
1388,1604
1388,1605
1388,1609
1388,1612
1388,1613
1388,1620
1388,1622
1388,1637
1388,1662
1388,1663
1388,1665
1388,1707
1388,1714
1388,1722
1388,1730
1388,1736
1388,1741
1388,1754
1388,1768
1388,1772
1388,1793
1388,1809
1388,1813
1388,1835
1388,1842
1388,1845
1388,1849
1388,1864
1388,1868
1388,1888
1388,1898
1388,1902
1389,1391
1389,1431
1389,1447
1389,1467
1389,1470
1389,1535
1389,1551
1389,1559
1389,1570
1389,1584
1389,1604
1389,1609
1389,1610
1389,1621
1389,1637
1389,1663
1389,1669
1389,1675
1389,1730
1389,1761
1389,1768
1389,1804
1389,1811
1389,1813
1389,1843
1389,1888
1389,1898
1390,1391
1390,1399
1390,1402
1390,1416
1390,1420
1390,1431
1390,1435
1390,1447
1390,1456
1390,1457
1390,1467
1390,1471
1390,1480
1390,1485
1390,1488
1390,1491
1390,1509
1390,1516
1390,1520
1390,1522
1390,1523
1390,1524
1390,1530
1390,1539
1390,1540
1390,1551
1390,1554
1390,1557
1390,1570
1390,1572
1390,1580
1390,1584
1390,1589
1390,1597
1390,1598
1390,1600
1390,1603
1390,1604
1390,1608
1390,1610
1390,1612
1390,1613
1390,1617
1390,1618
1390,1619
1390,1620
1390,1621
1390,1622
1390,1623
1390,1632
1390,1643
1390,1644
1390,1652
1390,1653
1390,1659
1390,1662
1390,1663
1390,1665
1390,1668
1390,1683
1390,1689
1390,1707
1390,1712
1390,1714
1390,1717
1390,1721
1390,1724
1390,1730
1390,1735
1390,1736
1390,1737
1390,1741
1390,1746
1390,1750
1390,1752
1390,1757
1390,1768
1390,1771
1390,1789
1390,1791
1390,1793
1390,1795
1390,1796
1390,1799
1390,1800
1390,1804
1390,1809
1390,1811
1390,1816
1390,1819
1390,1823
1390,1827
1390,1833
1390,1835
1390,1839
1390,1842
1390,1843
1390,1849
1390,1867
1390,1868
1390,1877
1390,1879
1390,1886
1390,1888
1390,1902
1391,1399
1391,1402
1391,1409
1391,1420
1391,1431
1391,1447
1391,1449
1391,1457
1391,1467
1391,1470
1391,1488
1391,1491
1391,1509
1391,1516
1391,1520
1391,1522
1391,1530
1391,1535
1391,1539
1391,1540
1391,1547
1391,1551
1391,1554
1391,1557
1391,1559
1391,1570
1391,1584
1391,1589
1391,1597
1391,1598
1391,1600
1391,1603
1391,1604
1391,1608
1391,1612
1391,1613
1391,1614
1391,1621
1391,1622
1391,1632
1391,1639
1391,1662
1391,1663
1391,1665
1391,1668
1391,1669
1391,1675
1391,1683
1391,1685
1391,1689
1391,1707
1391,1712
1391,1714
1391,1717
1391,1730
1391,1735
1391,1736
1391,1746
1391,1750
1391,1754
1391,1761
1391,1768
1391,1782
1391,1789
1391,1791
1391,1793
1391,1795
1391,1799
1391,1800
1391,1809
1391,1810
1391,1813
1391,1816
1391,1823
1391,1826
1391,1827
1391,1832
1391,1833
1391,1835
1391,1839
1391,1843
1391,1845
1391,1849
1391,1867
1391,1868
1391,1877
1391,1886
1391,1888
1391,1898
1393,1407
1393,1409
1393,1522
1393,1528
1393,1535
1393,1540
1393,1551
1393,1557
1393,1609
1393,1620
1393,1688
1393,1707
1393,1730
1393,1753
1393,1754
1393,1768
1393,1793
1393,1813
1393,1835
1393,1842
1393,1845
1393,1864
1393,1879
1393,1902
1398,1399
1398,1437
1398,1449
1398,1458
1398,1467
1398,1471
1398,1480
1398,1488
1398,1513
1398,1538
1398,1612
1398,1668
1398,1712
1398,1799
1398,1804
1398,1827
1398,1833
1398,1845
1398,1851
1398,1863
1398,1888
1399,1402
1399,1416
1399,1420
1399,1431
1399,1437
1399,1447
1399,1456
1399,1457
1399,1467
1399,1471
1399,1488
1399,1491
1399,1509
1399,1516
1399,1517
1399,1522
1399,1530
1399,1532
1399,1535
1399,1547
1399,1551
1399,1554
1399,1556
1399,1557
1399,1559
1399,1563
1399,1584
1399,1589
1399,1597
1399,1603
1399,1604
1399,1605
1399,1610
1399,1612
1399,1617
1399,1619
1399,1621
1399,1622
1399,1623
1399,1659
1399,1662
1399,1663
1399,1665
1399,1668
1399,1669
1399,1683
1399,1689
1399,1707
1399,1712
1399,1714
1399,1721
1399,1730
1399,1736
1399,1737
1399,1741
1399,1746
1399,1750
1399,1752
1399,1757
1399,1761
1399,1768
1399,1791
1399,1793
1399,1799
1399,1800
1399,1804
1399,1809
1399,1810
1399,1813
1399,1816
1399,1821
1399,1823
1399,1826
1399,1827
1399,1833
1399,1835
1399,1839
1399,1845
1399,1849
1399,1864
1399,1867
1399,1868
1399,1879
1399,1888
1399,1898
1399,1902
1401,1516
1401,1603
1401,1823
1401,1833
1401,1839
1401,1888
1402,1431
1402,1447
1402,1456
1402,1483
1402,1488
1402,1542
1402,1559
1402,1571
1402,1580
1402,1598
1402,1604
1402,1605
1402,1609
1402,1610
1402,1613
1402,1617
1402,1619
1402,1622
1402,1663
1402,1665
1402,1707
1402,1714
1402,1722
1402,1746
1402,1757
1402,1768
1402,1772
1402,1791
1402,1800
1402,1809
1402,1816
1402,1823
1402,1826
1402,1827
1402,1833
1402,1839
1402,1868
1402,1888
1402,1898
1402,1900
1405,1467
1405,1485
1405,1509
1405,1513
1405,1544
1405,1590
1405,1612
1405,1614
1405,1622
1405,1637
1405,1639
1405,1765
1405,1835
1405,1846
1405,1851
1405,1860
1407,1528
1407,1551
1407,1557
1407,1614
1407,1620
1407,1663
1407,1685
1407,1688
1407,1730
1407,1753
1407,1754
1407,1768
1407,1864
1409,1420
1409,1431
1409,1447
1409,1458
1409,1470
1409,1483
1409,1488
1409,1517
1409,1535
1409,1542
1409,1551
1409,1553
1409,1559
1409,1563
1409,1570
1409,1571
1409,1580
1409,1584
1409,1589
1409,1598
1409,1604
1409,1605
1409,1608
1409,1613
1409,1620
1409,1621
1409,1622
1409,1632
1409,1663
1409,1665
1409,1669
1409,1685
1409,1707
1409,1712
1409,1714
1409,1722
1409,1730
1409,1734
1409,1736
1409,1746
1409,1768
1409,1782
1409,1791
1409,1800
1409,1816
1409,1827
1409,1832
1409,1835
1409,1839
1409,1842
1409,1845
1409,1861
1409,1863
1409,1864
1409,1868
1409,1898
1411,1520
1411,1523
1411,1540
1411,1554
1411,1589
1411,1618
1411,1891
1416,1431
1416,1456
1416,1467
1416,1471
1416,1480
1416,1491
1416,1509
1416,1516
1416,1524
1416,1528
1416,1530
1416,1532
1416,1538
1416,1539
1416,1554
1416,1557
1416,1572
1416,1584
1416,1589
1416,1597
1416,1600
1416,1610
1416,1612
1416,1613
1416,1620
1416,1622
1416,1623
1416,1644
1416,1652
1416,1653
1416,1659
1416,1663
1416,1683
1416,1688
1416,1707
1416,1714
1416,1717
1416,1721
1416,1724
1416,1730
1416,1735
1416,1736
1416,1746
1416,1750
1416,1752
1416,1768
1416,1771
1416,1789
1416,1791
1416,1795
1416,1796
1416,1799
1416,1800
1416,1804
1416,1810
1416,1827
1416,1833
1416,1835
1416,1839
1416,1877
1416,1879
1416,1886
1416,1888
1420,1422
1420,1431
1420,1456
1420,1467
1420,1483
1420,1485
1420,1491
1420,1509
1420,1513
1420,1516
1420,1520
1420,1522
1420,1523
1420,1530
1420,1538
1420,1551
1420,1554
1420,1557
1420,1559
1420,1563
1420,1570
1420,1571
1420,1580
1420,1584
1420,1589
1420,1590
1420,1597
1420,1603
1420,1612
1420,1613
1420,1614
1420,1619
1420,1621
1420,1622
1420,1632
1420,1637
1420,1659
1420,1663
1420,1665
1420,1669
1420,1675
1420,1683
1420,1689
1420,1707
1420,1714
1420,1717
1420,1721
1420,1730
1420,1735
1420,1736
1420,1746
1420,1750
1420,1752
1420,1753
1420,1761
1420,1765
1420,1768
1420,1772
1420,1782
1420,1795
1420,1796
1420,1799
1420,1800
1420,1813
1420,1819
1420,1823
1420,1827
1420,1833
1420,1835
1420,1839
1420,1846
1420,1864
1420,1867
1420,1879
1420,1886
1420,1888
1420,1891
1420,1902
1422,1730
1431,1439
1431,1441
1431,1447
1431,1449
1431,1456
1431,1457
1431,1467
1431,1470
1431,1471
1431,1480
1431,1483
1431,1488
1431,1491
1431,1509
1431,1516
1431,1520
1431,1522
1431,1530
1431,1535
1431,1538
1431,1539
1431,1542
1431,1544
1431,1547
1431,1551
1431,1554
1431,1557
1431,1559
1431,1570
1431,1584
1431,1589
1431,1590
1431,1597
1431,1598
1431,1600
1431,1603
1431,1604
1431,1605
1431,1608
1431,1610
1431,1612
1431,1613
1431,1614
1431,1619
1431,1620
1431,1621
1431,1622
1431,1623
1431,1643
1431,1662
1431,1663
1431,1665
1431,1668
1431,1669
1431,1675
1431,1683
1431,1685
1431,1689
1431,1712
1431,1714
1431,1717
1431,1721
1431,1730
1431,1734
1431,1735
1431,1736
1431,1737
1431,1741
1431,1746
1431,1750
1431,1752
1431,1757
1431,1761
1431,1768
1431,1782
1431,1789
1431,1791
1431,1793
1431,1796
1431,1799
1431,1800
1431,1804
1431,1809
1431,1810
1431,1813
1431,1816
1431,1819
1431,1823
1431,1826
1431,1827
1431,1832
1431,1833
1431,1835
1431,1839
1431,1842
1431,1845
1431,1849
1431,1864
1431,1867
1431,1868
1431,1877
1431,1879
1431,1886
1431,1888
1431,1898
1431,1900
1431,1902
1435,1523
1435,1539
1435,1540
1435,1584
1435,1597
1435,1600
1435,1622
1435,1652
1435,1683
1435,1717
1435,1746
1435,1800
1435,1819
1435,1827
1435,1867
1435,1877
1437,1440
1437,1551
1437,1605
1437,1626
1437,1662
1437,1663
1437,1707
1437,1721
1437,1730
1437,1736
1437,1741
1437,1780
1437,1793
1437,1813
1437,1816
1437,1827
1437,1839
1437,1843
1437,1845
1437,1849
1437,1864
1437,1902
1437,1909
1439,1471
1439,1559
1439,1589
1439,1610
1439,1613
1439,1621
1439,1623
1439,1757
1439,1804
1439,1888
1440,1523
1440,1537
1440,1590
1440,1626
1440,1639
1440,1718
1440,1780
1440,1805
1440,1843
1440,1852
1440,1863
1440,1909
1441,1544
1447,1456
1447,1457
1447,1458
1447,1463
1447,1470
1447,1471
1447,1483
1447,1488
1447,1509
1447,1517
1447,1535
1447,1542
1447,1551
1447,1559
1447,1570
1447,1571
1447,1580
1447,1584
1447,1589
1447,1597
1447,1598
1447,1604
1447,1605
1447,1608
1447,1609
1447,1610
1447,1612
1447,1613
1447,1619
1447,1622
1447,1632
1447,1637
1447,1662
1447,1663
1447,1665
1447,1669
1447,1675
1447,1685
1447,1707
1447,1712
1447,1714
1447,1717
1447,1721
1447,1722
1447,1723
1447,1730
1447,1741
1447,1746
1447,1761
1447,1768
1447,1772
1447,1793
1447,1800
1447,1804
1447,1809
1447,1811
1447,1813
1447,1816
1447,1826
1447,1827
1447,1835
1447,1839
1447,1842
1447,1843
1447,1849
1447,1861
1447,1863
1447,1868
1447,1879
1447,1888
1447,1898
1447,1902
1449,1456
1449,1458
1449,1467
1449,1471
1449,1480
1449,1485
1449,1488
1449,1538
1449,1547
1449,1556
1449,1584
1449,1589
1449,1598
1449,1603
1449,1604
1449,1610
1449,1612
1449,1614
1449,1619
1449,1663
1449,1668
1449,1707
1449,1712
1449,1714
1449,1735
1449,1736
1449,1746
1449,1757
1449,1769
1449,1782
1449,1799
1449,1800
1449,1804
1449,1809
1449,1823
1449,1826
1449,1833
1449,1836
1449,1839
1449,1852
1449,1860
1449,1863
1449,1868
1449,1874
1449,1886
1449,1888
1456,1457
1456,1471
1456,1480
1456,1483
1456,1488
1456,1516
1456,1524
1456,1539
1456,1542
1456,1547
1456,1556
1456,1557
1456,1559
1456,1571
1456,1580
1456,1584
1456,1589
1456,1598
1456,1603
1456,1604
1456,1605
1456,1608
1456,1610
1456,1613
1456,1614
1456,1619
1456,1621
1456,1622
1456,1652
1456,1662
1456,1663
1456,1665
1456,1668
1456,1707
1456,1712
1456,1714
1456,1717
1456,1736
1456,1741
1456,1746
1456,1752
1456,1757
1456,1761
1456,1768
1456,1772
1456,1789
1456,1793
1456,1796
1456,1800
1456,1804
1456,1809
1456,1810
1456,1816
1456,1826
1456,1832
1456,1833
1456,1839
1456,1849
1456,1868
1456,1874
1456,1879
1456,1886
1456,1888
1456,1898
1456,1902
1457,1471
1457,1488
1457,1491
1457,1547
1457,1584
1457,1598
1457,1600
1457,1605
1457,1610
1457,1612
1457,1619
1457,1621
1457,1622
1457,1663
1457,1665
1457,1707
1457,1712
1457,1714
1457,1746
1457,1757
1457,1800
1457,1809
1457,1816
1457,1826
1457,1832
1457,1833
1457,1839
1457,1868
1457,1888
1457,1898
1458,1467
1458,1480
1458,1488
1458,1590
1458,1665
1458,1718
1458,1768
1458,1769
1458,1774
1458,1782
1458,1805
1458,1845
1458,1846
1458,1852
1458,1863
1460,1470
1460,1480
1460,1509
1460,1513
1460,1522
1460,1570
1460,1590
1460,1622
1460,1637
1460,1639
1460,1662
1460,1730
1460,1765
1460,1768
1460,1782
1460,1835
1460,1842
1460,1851
1463,1675
1463,1741
1463,1789
1463,1804
1463,1833
1463,1888
1467,1480
1467,1488
1467,1491
1467,1509
1467,1516
1467,1520
1467,1522
1467,1528
1467,1539
1467,1551
1467,1554
1467,1559
1467,1584
1467,1589
1467,1590
1467,1597
1467,1598
1467,1603
1467,1612
1467,1613
1467,1614
1467,1617
1467,1621
1467,1623
1467,1637
1467,1639
1467,1643
1467,1662
1467,1663
1467,1669
1467,1685
1467,1707
1467,1714
1467,1730
1467,1734
1467,1735
1467,1746
1467,1750
1467,1757
1467,1761
1467,1765
1467,1768
1467,1769
1467,1782
1467,1791
1467,1799
1467,1800
1467,1804
1467,1805
1467,1823
1467,1827
1467,1833
1467,1835
1467,1839
1467,1843
1467,1846
1467,1851
1467,1867
1467,1886
1467,1888
1470,1483
1470,1509
1470,1519
1470,1535
1470,1551
1470,1553
1470,1559
1470,1563
1470,1570
1470,1590
1470,1604
1470,1605
1470,1609
1470,1620
1470,1637
1470,1663
1470,1669
1470,1675
1470,1717
1470,1730
1470,1741
1470,1768
1470,1791
1470,1811
1470,1813
1470,1826
1470,1835
1470,1843
1470,1861
1470,1868
1470,1888
1471,1480
1471,1483
1471,1488
1471,1491
1471,1509
1471,1516
1471,1530
1471,1538
1471,1547
1471,1551
1471,1554
1471,1556
1471,1559
1471,1563
1471,1580
1471,1584
1471,1589
1471,1590
1471,1597
1471,1598
1471,1600
1471,1603
1471,1604
1471,1605
1471,1610
1471,1612
1471,1613
1471,1614
1471,1619
1471,1621
1471,1623
1471,1637
1471,1643
1471,1652
1471,1659
1471,1662
1471,1663
1471,1668
1471,1675
1471,1683
1471,1707
1471,1712
1471,1714
1471,1717
1471,1730
1471,1735
1471,1736
1471,1741
1471,1746
1471,1752
1471,1753
1471,1757
1471,1761
1471,1768
1471,1772
1471,1789
1471,1793
1471,1799
1471,1800
1471,1804
1471,1809
1471,1816
1471,1821
1471,1823
1471,1826
1471,1827
1471,1832
1471,1833
1471,1835
1471,1839
1471,1842
1471,1849
1471,1863
1471,1868
1471,1879
1471,1886
1471,1888
1471,1898
1471,1902
1471,1909
1480,1488
1480,1513
1480,1556
1480,1590
1480,1598
1480,1600
1480,1610
1480,1612
1480,1614
1480,1619
1480,1620
1480,1621
1480,1639
1480,1652
1480,1653
1480,1662
1480,1668
1480,1712
1480,1721
1480,1752
1480,1757
1480,1765
1480,1768
1480,1774
1480,1782
1480,1789
1480,1800
1480,1804
1480,1805
1480,1809
1480,1816
1480,1821
1480,1833
1480,1839
1480,1849
1480,1851
1480,1863
1480,1874
1480,1879
1480,1886
1480,1888
1483,1498
1483,1517
1483,1535
1483,1551
1483,1570
1483,1571
1483,1580
1483,1584
1483,1589
1483,1597
1483,1598
1483,1604
1483,1605
1483,1609
1483,1613
1483,1619
1483,1621
1483,1632
1483,1637
1483,1663
1483,1665
1483,1669
1483,1685
1483,1707
1483,1714
1483,1722
1483,1723
1483,1730
1483,1736
1483,1741
1483,1746
1483,1768
1483,1772
1483,1793
1483,1800
1483,1809
1483,1813
1483,1816
1483,1826
1483,1832
1483,1835
1483,1842
1483,1849
1483,1868
1483,1879
1483,1888
1483,1898
1483,1902
1484,1610
1484,1754
1484,1800
1484,1845
1484,1874
1484,1888
1485,1509
1485,1520
1485,1554
1485,1559
1485,1563
1485,1612
1485,1618
1485,1637
1485,1644
1485,1659
1485,1718
1485,1730
1485,1735
1485,1753
1485,1769
1485,1774
1485,1782
1485,1799
1485,1813
1485,1827
1485,1835
1485,1836
1485,1845
1485,1846
1485,1891
1488,1516
1488,1522
1488,1530
1488,1539
1488,1542
1488,1547
1488,1554
1488,1557
1488,1559
1488,1584
1488,1598
1488,1604
1488,1605
1488,1610
1488,1619
1488,1621
1488,1662
1488,1663
1488,1665
1488,1668
1488,1689
1488,1707
1488,1712
1488,1714
1488,1717
1488,1722
1488,1737
1488,1741
1488,1746
1488,1752
1488,1768
1488,1782
1488,1789
1488,1793
1488,1800
1488,1804
1488,1809
1488,1810
1488,1813
1488,1816
1488,1823
1488,1826
1488,1827
1488,1832
1488,1833
1488,1836
1488,1839
1488,1845
1488,1863
1488,1868
1488,1879
1488,1888
1488,1898
1491,1516
1491,1522
1491,1530
1491,1532
1491,1538
1491,1539
1491,1547
1491,1551
1491,1557
1491,1559
1491,1572
1491,1584
1491,1589
1491,1597
1491,1603
1491,1608
1491,1612
1491,1613
1491,1617
1491,1621
1491,1622
1491,1623
1491,1644
1491,1653
1491,1662
1491,1663
1491,1668
1491,1669
1491,1689
1491,1707
1491,1712
1491,1714
1491,1721
1491,1730
1491,1735
1491,1736
1491,1737
1491,1746
1491,1750
1491,1752
1491,1761
1491,1789
1491,1791
1491,1793
1491,1795
1491,1799
1491,1800
1491,1804
1491,1810
1491,1813
1491,1823
1491,1826
1491,1827
1491,1833
1491,1839
1491,1842
1491,1849
1491,1864
1491,1867
1491,1879
1491,1888
1498,1537
1498,1571
1498,1827
1509,1513
1509,1516
1509,1517
1509,1520
1509,1528
1509,1551
1509,1554
1509,1559
1509,1563
1509,1570
1509,1584
1509,1589
1509,1590
1509,1603
1509,1604
1509,1608
1509,1609
1509,1610
1509,1612
1509,1613
1509,1617
1509,1621
1509,1622
1509,1639
1509,1643
1509,1659
1509,1663
1509,1669
1509,1675
1509,1683
1509,1689
1509,1718
1509,1730
1509,1735
1509,1746
1509,1752
1509,1761
1509,1765
1509,1768
1509,1774
1509,1791
1509,1795
1509,1799
1509,1800
1509,1804
1509,1823
1509,1827
1509,1833
1509,1835
1509,1839
1509,1842
1509,1861
1509,1864
1509,1886
1509,1888
1509,1891
1513,1522
1513,1528
1513,1535
1513,1584
1513,1590
1513,1621
1513,1622
1513,1637
1513,1639
1513,1718
1513,1730
1513,1765
1513,1782
1513,1791
1513,1835
1513,1842
1513,1846
1513,1851
1513,1852
1516,1520
1516,1522
1516,1530
1516,1539
1516,1547
1516,1551
1516,1554
1516,1557
1516,1559
1516,1570
1516,1584
1516,1589
1516,1597
1516,1598
1516,1600
1516,1603
1516,1604
1516,1608
1516,1610
1516,1612
1516,1613
1516,1614
1516,1617
1516,1619
1516,1621
1516,1622
1516,1623
1516,1643
1516,1653
1516,1662
1516,1663
1516,1665
1516,1668
1516,1669
1516,1675
1516,1689
1516,1707
1516,1712
1516,1714
1516,1717
1516,1721
1516,1730
1516,1735
1516,1736
1516,1737
1516,1741
1516,1746
1516,1750
1516,1752
1516,1757
1516,1761
1516,1768
1516,1782
1516,1789
1516,1791
1516,1793
1516,1799
1516,1800
1516,1804
1516,1810
1516,1813
1516,1816
1516,1819
1516,1823
1516,1826
1516,1827
1516,1833
1516,1835
1516,1839
1516,1849
1516,1867
1516,1868
1516,1879
1516,1888
1517,1580
1517,1604
1517,1610
1517,1613
1517,1622
1517,1663
1517,1665
1517,1685
1517,1722
1517,1730
1517,1741
1517,1813
1517,1827
1517,1845
1517,1898
1519,1528
1519,1535
1519,1553
1519,1557
1519,1570
1519,1620
1519,1674
1519,1688
1519,1768
1519,1832
1519,1845
1519,1861
1519,1864
1519,1900
1520,1523
1520,1530
1520,1540
1520,1551
1520,1554
1520,1557
1520,1559
1520,1563
1520,1584
1520,1589
1520,1590
1520,1597
1520,1600
1520,1603
1520,1610
1520,1612
1520,1613
1520,1621
1520,1622
1520,1639
1520,1643
1520,1659
1520,1662
1520,1663
1520,1669
1520,1675
1520,1683
1520,1685
1520,1689
1520,1700
1520,1707
1520,1714
1520,1717
1520,1730
1520,1746
1520,1750
1520,1752
1520,1761
1520,1765
1520,1768
1520,1791
1520,1793
1520,1795
1520,1799
1520,1800
1520,1804
1520,1813
1520,1816
1520,1819
1520,1827
1520,1833
1520,1835
1520,1842
1520,1846
1520,1861
1520,1877
1520,1888
1520,1891
1522,1528
1522,1530
1522,1532
1522,1547
1522,1551
1522,1553
1522,1554
1522,1557
1522,1559
1522,1563
1522,1570
1522,1584
1522,1589
1522,1590
1522,1600
1522,1603
1522,1604
1522,1608
1522,1609
1522,1612
1522,1613
1522,1617
1522,1620
1522,1621
1522,1622
1522,1632
1522,1639
1522,1643
1522,1659
1522,1663
1522,1668
1522,1669
1522,1683
1522,1685
1522,1688
1522,1689
1522,1707
1522,1712
1522,1714
1522,1718
1522,1730
1522,1735
1522,1746
1522,1750
1522,1752
1522,1761
1522,1765
1522,1768
1522,1791
1522,1795
1522,1799
1522,1800
1522,1804
1522,1816
1522,1821
1522,1823
1522,1826
1522,1827
1522,1833
1522,1835
1522,1839
1522,1842
1522,1845
1522,1851
1522,1864
1522,1868
1522,1877
1522,1879
1522,1886
1522,1888
1522,1898
1523,1532
1523,1540
1523,1554
1523,1557
1523,1572
1523,1600
1523,1609
1523,1617
1523,1618
1523,1621
1523,1622
1523,1632
1523,1659
1523,1663
1523,1674
1523,1683
1523,1689
1523,1718
1523,1723
1523,1724
1523,1746
1523,1750
1523,1768
1523,1780
1523,1795
1523,1800
1523,1811
1523,1819
1523,1827
1523,1835
1523,1852
1523,1863
1523,1867
1523,1877
1523,1891
1524,1557
1524,1572
1524,1580
1524,1589
1524,1608
1524,1613
1524,1623
1524,1688
1524,1689
1524,1730
1524,1746
1524,1752
1524,1757
1524,1772
1524,1796
1524,1800
1524,1804
1524,1827
1524,1867
1524,1888
1528,1557
1528,1559
1528,1563
1528,1589
1528,1603
1528,1608
1528,1609
1528,1612
1528,1613
1528,1620
1528,1637
1528,1663
1528,1669
1528,1675
1528,1685
1528,1688
1528,1710
1528,1722
1528,1723
1528,1724
1528,1730
1528,1746
1528,1753
1528,1754
1528,1757
1528,1765
1528,1768
1528,1782
1528,1791
1528,1811
1528,1813
1528,1827
1528,1835
1528,1845
1528,1864
1530,1554
1530,1559
1530,1563
1530,1580
1530,1584
1530,1589
1530,1597
1530,1598
1530,1603
1530,1608
1530,1610
1530,1612
1530,1613
1530,1617
1530,1643
1530,1662
1530,1663
1530,1668
1530,1669
1530,1689
1530,1707
1530,1714
1530,1721
1530,1730
1530,1735
1530,1736
1530,1737
1530,1746
1530,1750
1530,1752
1530,1754
1530,1768
1530,1793
1530,1795
1530,1800
1530,1804
1530,1809
1530,1810
1530,1813
1530,1823
1530,1826
1530,1827
1530,1833
1530,1839
1530,1849
1530,1867
1530,1868
1530,1879
1530,1888
1530,1902
1532,1597
1532,1604
1532,1617
1532,1623
1532,1632
1532,1653
1532,1700
1532,1707
1532,1746
1532,1757
1532,1789
1532,1800
1532,1810
1532,1827
1532,1833
1532,1867
1532,1886
1532,1888
1535,1537
1535,1551
1535,1559
1535,1570
1535,1571
1535,1604
1535,1608
1535,1609
1535,1639
1535,1663
1535,1669
1535,1675
1535,1685
1535,1717
1535,1730
1535,1768
1535,1793
1535,1804
1535,1811
1535,1813
1535,1835
1535,1842
1535,1843
1535,1861
1535,1868
1535,1898
1537,1613
1538,1542
1538,1556
1538,1559
1538,1563
1538,1584
1538,1589
1538,1603
1538,1612
1538,1621
1538,1623
1538,1643
1538,1652
1538,1653
1538,1662
1538,1665
1538,1707
1538,1714
1538,1717
1538,1730
1538,1735
1538,1750
1538,1757
1538,1769
1538,1780
1538,1789
1538,1793
1538,1799
1538,1800
1538,1810
1538,1821
1538,1833
1538,1839
1538,1874
1538,1888
1539,1540
1539,1551
1539,1557
1539,1559
1539,1584
1539,1603
1539,1608
1539,1612
1539,1620
1539,1621
1539,1622
1539,1623
1539,1632
1539,1639
1539,1652
1539,1653
1539,1663
1539,1669
1539,1683
1539,1689
1539,1721
1539,1724
1539,1746
1539,1750
1539,1752
1539,1768
1539,1789
1539,1791
1539,1795
1539,1816
1539,1819
1539,1827
1539,1835
1539,1839
1539,1861
1539,1867
1539,1877
1540,1554
1540,1557
1540,1584
1540,1597
1540,1600
1540,1618
1540,1622
1540,1652
1540,1669
1540,1683
1540,1689
1540,1717
1540,1718
1540,1730
1540,1800
1540,1813
1540,1819
1540,1827
1540,1845
1540,1864
1540,1867
1540,1877
1540,1891
1540,1909
1542,1580
1542,1589
1542,1598
1542,1604
1542,1605
1542,1610
1542,1619
1542,1662
1542,1665
1542,1668
1542,1707
1542,1712
1542,1717
1542,1772
1542,1793
1542,1800
1542,1809
1542,1810
1542,1816
1542,1826
1542,1832
1542,1839
1542,1845
1542,1868
1542,1888
1542,1898
1542,1902
1547,1551
1547,1554
1547,1556
1547,1559
1547,1584
1547,1589
1547,1600
1547,1603
1547,1605
1547,1610
1547,1613
1547,1619
1547,1620
1547,1621
1547,1623
1547,1652
1547,1662
1547,1665
1547,1668
1547,1707
1547,1712
1547,1714
1547,1721
1547,1730
1547,1736
1547,1737
1547,1741
1547,1746
1547,1757
1547,1789
1547,1793
1547,1800
1547,1804
1547,1809
1547,1813
1547,1816
1547,1823
1547,1826
1547,1827
1547,1832
1547,1833
1547,1839
1547,1849
1547,1864
1547,1868
1547,1879
1547,1886
1547,1888
1547,1898
1547,1902
1551,1554
1551,1559
1551,1563
1551,1570
1551,1580
1551,1584
1551,1589
1551,1597
1551,1603
1551,1604
1551,1608
1551,1609
1551,1610
1551,1612
1551,1617
1551,1621
1551,1623
1551,1637
1551,1639
1551,1643
1551,1662
1551,1663
1551,1669
1551,1675
1551,1683
1551,1685
1551,1689
1551,1700
1551,1707
1551,1712
1551,1714
1551,1717
1551,1721
1551,1723
1551,1730
1551,1734
1551,1736
1551,1746
1551,1750
1551,1753
1551,1754
1551,1757
1551,1761
1551,1768
1551,1791
1551,1793
1551,1800
1551,1804
1551,1809
1551,1811
1551,1813
1551,1819
1551,1826
1551,1827
1551,1833
1551,1835
1551,1839
1551,1842
1551,1843
1551,1845
1551,1849
1551,1861
1551,1864
1551,1867
1551,1868
1551,1877
1551,1879
1551,1888
1551,1891
1551,1898
1551,1902
1553,1570
1553,1620
1553,1688
1553,1768
1553,1791
1553,1861
1554,1557
1554,1559
1554,1563
1554,1570
1554,1584
1554,1589
1554,1597
1554,1600
1554,1603
1554,1605
1554,1608
1554,1609
1554,1610
1554,1612
1554,1613
1554,1617
1554,1618
1554,1621
1554,1622
1554,1623
1554,1662
1554,1663
1554,1669
1554,1675
1554,1683
1554,1689
1554,1707
1554,1714
1554,1717
1554,1721
1554,1723
1554,1730
1554,1734
1554,1736
1554,1737
1554,1741
1554,1746
1554,1750
1554,1752
1554,1753
1554,1754
1554,1757
1554,1768
1554,1791
1554,1793
1554,1795
1554,1799
1554,1800
1554,1811
1554,1813
1554,1819
1554,1826
1554,1827
1554,1833
1554,1835
1554,1839
1554,1845
1554,1849
1554,1861
1554,1864
1554,1867
1554,1877
1554,1879
1554,1888
1554,1891
1556,1610
1556,1668
1556,1757
1556,1789
1556,1810
1556,1886
1556,1888
1557,1559
1557,1584
1557,1589
1557,1597
1557,1598
1557,1600
1557,1603
1557,1609
1557,1612
1557,1613
1557,1614
1557,1617
1557,1620
1557,1621
1557,1622
1557,1623
1557,1632
1557,1643
1557,1644
1557,1653
1557,1659
1557,1662
1557,1663
1557,1669
1557,1683
1557,1685
1557,1688
1557,1689
1557,1707
1557,1710
1557,1717
1557,1721
1557,1724
1557,1730
1557,1734
1557,1735
1557,1736
1557,1737
1557,1746
1557,1750
1557,1752
1557,1754
1557,1757
1557,1761
1557,1768
1557,1772
1557,1789
1557,1791
1557,1793
1557,1795
1557,1796
1557,1799
1557,1800
1557,1819
1557,1823
1557,1827
1557,1833
1557,1835
1557,1845
1557,1861
1557,1864
1557,1867
1557,1877
1557,1879
1557,1886
1557,1888
1559,1563
1559,1570
1559,1580
1559,1584
1559,1589
1559,1597
1559,1598
1559,1603
1559,1604
1559,1608
1559,1609
1559,1610
1559,1612
1559,1613
1559,1621
1559,1622
1559,1637
1559,1639
1559,1643
1559,1662
1559,1663
1559,1665
1559,1668
1559,1669
1559,1675
1559,1683
1559,1689
1559,1712
1559,1714
1559,1717
1559,1723
1559,1730
1559,1735
1559,1736
1559,1741
1559,1746
1559,1750
1559,1752
1559,1753
1559,1757
1559,1761
1559,1768
1559,1772
1559,1782
1559,1789
1559,1791
1559,1793
1559,1799
1559,1800
1559,1804
1559,1809
1559,1810
1559,1811
1559,1813
1559,1816
1559,1823
1559,1826
1559,1827
1559,1833
1559,1835
1559,1839
1559,1842
1559,1843
1559,1849
1559,1861
1559,1864
1559,1868
1559,1879
1559,1888
1559,1891
1559,1898
1559,1902
1563,1570
1563,1584
1563,1589
1563,1590
1563,1603
1563,1610
1563,1612
1563,1613
1563,1621
1563,1622
1563,1637
1563,1643
1563,1662
1563,1663
1563,1665
1563,1669
1563,1675
1563,1683
1563,1689
1563,1707
1563,1717
1563,1730
1563,1735
1563,1736
1563,1752
1563,1753
1563,1768
1563,1769
1563,1774
1563,1782
1563,1793
1563,1795
1563,1799
1563,1800
1563,1804
1563,1810
1563,1813
1563,1827
1563,1833
1563,1835
1563,1836
1563,1839
1563,1845
1563,1852
1563,1861
1563,1891
1570,1580
1570,1584
1570,1590
1570,1598
1570,1600
1570,1603
1570,1604
1570,1608
1570,1609
1570,1612
1570,1613
1570,1620
1570,1621
1570,1623
1570,1637
1570,1639
1570,1643
1570,1652
1570,1663
1570,1669
1570,1675
1570,1685
1570,1714
1570,1717
1570,1730
1570,1734
1570,1753
1570,1761
1570,1765
1570,1768
1570,1772
1570,1795
1570,1804
1570,1811
1570,1813
1570,1823
1570,1833
1570,1835
1570,1839
1570,1842
1570,1861
1570,1888
1570,1891
1570,1902
1571,1580
1571,1589
1571,1598
1571,1600
1571,1604
1571,1619
1571,1620
1571,1622
1571,1662
1571,1663
1571,1669
1571,1674
1571,1707
1571,1722
1571,1730
1571,1741
1571,1754
1571,1768
1571,1772
1571,1793
1571,1796
1571,1823
1571,1833
1571,1839
1571,1849
1571,1864
1571,1879
1571,1902
1572,1597
1572,1644
1572,1653
1572,1659
1572,1688
1572,1724
1572,1730
1572,1737
1572,1746
1572,1752
1572,1757
1572,1789
1572,1799
1572,1800
1572,1810
1572,1827
1572,1877
1580,1589
1580,1598
1580,1604
1580,1605
1580,1608
1580,1610
1580,1613
1580,1614
1580,1621
1580,1637
1580,1662
1580,1663
1580,1665
1580,1707
1580,1736
1580,1741
1580,1746
1580,1768
1580,1772
1580,1791
1580,1793
1580,1800
1580,1804
1580,1805
1580,1816
1580,1833
1580,1839
1580,1842
1580,1849
1580,1861
1580,1868
1580,1879
1580,1888
1580,1898
1580,1902
1584,1589
1584,1590
1584,1597
1584,1598
1584,1600
1584,1603
1584,1604
1584,1608
1584,1612
1584,1613
1584,1614
1584,1617
1584,1619
1584,1621
1584,1622
1584,1639
1584,1643
1584,1653
1584,1662
1584,1663
1584,1665
1584,1668
1584,1669
1584,1675
1584,1683
1584,1707
1584,1712
1584,1714
1584,1717
1584,1721
1584,1730
1584,1735
1584,1736
1584,1741
1584,1746
1584,1750
1584,1752
1584,1753
1584,1757
1584,1761
1584,1765
1584,1768
1584,1789
1584,1791
1584,1793
1584,1799
1584,1800
1584,1804
1584,1809
1584,1810
1584,1813
1584,1816
1584,1819
1584,1823
1584,1826
1584,1827
1584,1833
1584,1835
1584,1839
1584,1843
1584,1845
1584,1849
1584,1864
1584,1867
1584,1868
1584,1877
1584,1879
1584,1886
1584,1888
1584,1902
1589,1590
1589,1597
1589,1598
1589,1603
1589,1604
1589,1605
1589,1608
1589,1609
1589,1610
1589,1612
1589,1613
1589,1614
1589,1617
1589,1621
1589,1622
1589,1623
1589,1632
1589,1637
1589,1639
1589,1643
1589,1662
1589,1663
1589,1665
1589,1668
1589,1669
1589,1675
1589,1683
1589,1685
1589,1689
1589,1707
1589,1712
1589,1714
1589,1717
1589,1721
1589,1722
1589,1730
1589,1734
1589,1735
1589,1736
1589,1737
1589,1746
1589,1750
1589,1752
1589,1753
1589,1754
1589,1757
1589,1761
1589,1765
1589,1768
1589,1772
1589,1782
1589,1793
1589,1795
1589,1796
1589,1799
1589,1800
1589,1804
1589,1810
1589,1813
1589,1816
1589,1819
1589,1823
1589,1827
1589,1833
1589,1835
1589,1839
1589,1842
1589,1845
1589,1849
1589,1864
1589,1867
1589,1868
1589,1879
1589,1886
1589,1888
1589,1891
1589,1902
1590,1608
1590,1612
1590,1613
1590,1614
1590,1617
1590,1621
1590,1637
1590,1639
1590,1643
1590,1663
1590,1714
1590,1717
1590,1718
1590,1735
1590,1736
1590,1765
1590,1768
1590,1782
1590,1793
1590,1800
1590,1804
1590,1819
1590,1835
1590,1846
1590,1851
1590,1863
1590,1879
1590,1886
1590,1888
1590,1902
1597,1600
1597,1603
1597,1610
1597,1612
1597,1617
1597,1621
1597,1622
1597,1623
1597,1632
1597,1643
1597,1644
1597,1652
1597,1653
1597,1659
1597,1663
1597,1665
1597,1683
1597,1688
1597,1689
1597,1707
1597,1714
1597,1721
1597,1735
1597,1736
1597,1737
1597,1746
1597,1750
1597,1752
1597,1761
1597,1791
1597,1795
1597,1799
1597,1800
1597,1804
1597,1816
1597,1819
1597,1823
1597,1827
1597,1833
1597,1842
1597,1867
1597,1877
1597,1879
1597,1886
1597,1888
1598,1600
1598,1603
1598,1604
1598,1610
1598,1613
1598,1619
1598,1622
1598,1639
1598,1652
1598,1659
1598,1662
1598,1663
1598,1665
1598,1668
1598,1707
1598,1712
1598,1714
1598,1717
1598,1736
1598,1741
1598,1746
1598,1757
1598,1772
1598,1789
1598,1793
1598,1795
1598,1800
1598,1804
1598,1809
1598,1816
1598,1823
1598,1826
1598,1832
1598,1833
1598,1839
1598,1842
1598,1843
1598,1849
1598,1867
1598,1868
1598,1877
1598,1879
1598,1886
1598,1888
1598,1898
1598,1902
1600,1603
1600,1609
1600,1610
1600,1612
1600,1620
1600,1621
1600,1622
1600,1623
1600,1632
1600,1652
1600,1653
1600,1659
1600,1663
1600,1669
1600,1683
1600,1685
1600,1688
1600,1689
1600,1714
1600,1717
1600,1721
1600,1724
1600,1730
1600,1736
1600,1737
1600,1746
1600,1750
1600,1752
1600,1761
1600,1768
1600,1789
1600,1791
1600,1795
1600,1800
1600,1804
1600,1811
1600,1813
1600,1816
1600,1819
1600,1827
1600,1835
1600,1861
1600,1867
1600,1877
1600,1879
1600,1888
1600,1891
1603,1608
1603,1610
1603,1612
1603,1613
1603,1619
1603,1621
1603,1622
1603,1623
1603,1643
1603,1662
1603,1663
1603,1668
1603,1669
1603,1675
1603,1685
1603,1707
1603,1712
1603,1714
1603,1717
1603,1721
1603,1730
1603,1734
1603,1735
1603,1736
1603,1741
1603,1746
1603,1750
1603,1752
1603,1753
1603,1757
1603,1761
1603,1768
1603,1791
1603,1793
1603,1795
1603,1799
1603,1800
1603,1804
1603,1810
1603,1813
1603,1823
1603,1827
1603,1833
1603,1835
1603,1839
1603,1845
1603,1849
1603,1864
1603,1879
1603,1886
1603,1888
1604,1605
1604,1609
1604,1610
1604,1613
1604,1614
1604,1617
1604,1619
1604,1620
1604,1622
1604,1632
1604,1637
1604,1662
1604,1663
1604,1665
1604,1668
1604,1669
1604,1675
1604,1685
1604,1688
1604,1707
1604,1714
1604,1717
1604,1722
1604,1730
1604,1734
1604,1736
1604,1741
1604,1768
1604,1772
1604,1789
1604,1791
1604,1793
1604,1800
1604,1804
1604,1809
1604,1811
1604,1813
1604,1816
1604,1826
1604,1835
1604,1839
1604,1842
1604,1843
1604,1849
1604,1861
1604,1863
1604,1868
1604,1879
1604,1885
1604,1888
1604,1898
1604,1902
1605,1610
1605,1617
1605,1619
1605,1622
1605,1663
1605,1665
1605,1675
1605,1685
1605,1707
1605,1714
1605,1722
1605,1730
1605,1741
1605,1746
1605,1757
1605,1768
1605,1800
1605,1804
1605,1809
1605,1816
1605,1826
1605,1839
1605,1843
1605,1849
1605,1868
1605,1888
1605,1898
1605,1902
1608,1610
1608,1612
1608,1613
1608,1617
1608,1621
1608,1622
1608,1637
1608,1643
1608,1663
1608,1669
1608,1675
1608,1689
1608,1707
1608,1714
1608,1730
1608,1735
1608,1736
1608,1746
1608,1753
1608,1761
1608,1768
1608,1772
1608,1795
1608,1800
1608,1804
1608,1823
1608,1827
1608,1833
1608,1835
1608,1839
1608,1842
1608,1861
1608,1888
1608,1902
1609,1610
1609,1620
1609,1621
1609,1637
1609,1643
1609,1663
1609,1665
1609,1669
1609,1675
1609,1688
1609,1717
1609,1730
1609,1768
1609,1782
1609,1791
1609,1793
1609,1800
1609,1804
1609,1811
1609,1813
1609,1835
1609,1842
1609,1861
1609,1864
1609,1888
1609,1898
1609,1902
1610,1612
1610,1613
1610,1619
1610,1621
1610,1622
1610,1623
1610,1639
1610,1643
1610,1652
1610,1653
1610,1662
1610,1663
1610,1665
1610,1668
1610,1669
1610,1675
1610,1685
1610,1707
1610,1712
1610,1717
1610,1721
1610,1723
1610,1730
1610,1736
1610,1746
1610,1752
1610,1753
1610,1754
1610,1757
1610,1761
1610,1768
1610,1772
1610,1782
1610,1789
1610,1793
1610,1796
1610,1799
1610,1800
1610,1804
1610,1809
1610,1811
1610,1813
1610,1816
1610,1826
1610,1827
1610,1832
1610,1833
1610,1839
1610,1842
1610,1849
1610,1868
1610,1874
1610,1879
1610,1886
1610,1888
1610,1891
1610,1898
1610,1902
1612,1613
1612,1614
1612,1617
1612,1619
1612,1621
1612,1622
1612,1623
1612,1632
1612,1637
1612,1639
1612,1643
1612,1652
1612,1653
1612,1662
1612,1663
1612,1668
1612,1669
1612,1675
1612,1683
1612,1685
1612,1689
1612,1707
1612,1714
1612,1717
1612,1721
1612,1730
1612,1735
1612,1736
1612,1737
1612,1741
1612,1746
1612,1750
1612,1752
1612,1753
1612,1757
1612,1761
1612,1765
1612,1768
1612,1769
1612,1774
1612,1782
1612,1789
1612,1791
1612,1795
1612,1796
1612,1799
1612,1800
1612,1804
1612,1810
1612,1816
1612,1819
1612,1823
1612,1826
1612,1827
1612,1833
1612,1835
1612,1836
1612,1839
1612,1849
1612,1851
1612,1867
1612,1877
1612,1879
1612,1886
1612,1888
1612,1891
1613,1614
1613,1617
1613,1620
1613,1621
1613,1622
1613,1623
1613,1632
1613,1637
1613,1639
1613,1643
1613,1644
1613,1652
1613,1653
1613,1662
1613,1663
1613,1665
1613,1668
1613,1669
1613,1675
1613,1683
1613,1685
1613,1689
1613,1707
1613,1712
1613,1714
1613,1717
1613,1721
1613,1730
1613,1734
1613,1735
1613,1736
1613,1737
1613,1746
1613,1752
1613,1753
1613,1757
1613,1761
1613,1765
1613,1768
1613,1772
1613,1789
1613,1791
1613,1793
1613,1795
1613,1796
1613,1799
1613,1800
1613,1804
1613,1809
1613,1811
1613,1813
1613,1816
1613,1821
1613,1823
1613,1827
1613,1833
1613,1835
1613,1842
1613,1849
1613,1861
1613,1867
1613,1868
1613,1879
1613,1888
1613,1891
1613,1902
1614,1621
1614,1665
1614,1669
1614,1675
1614,1689
1614,1730
1614,1735
1614,1752
1614,1761
1614,1765
1614,1768
1614,1772
1614,1782
1614,1796
1614,1799
1614,1800
1614,1819
1614,1833
1614,1846
1614,1851
1614,1864
1614,1867
1614,1886
1614,1888
1617,1621
1617,1632
1617,1637
1617,1643
1617,1662
1617,1663
1617,1668
1617,1669
1617,1689
1617,1700
1617,1707
1617,1714
1617,1717
1617,1718
1617,1730
1617,1735
1617,1741
1617,1746
1617,1750
1617,1754
1617,1789
1617,1791
1617,1793
1617,1799
1617,1800
1617,1804
1617,1813
1617,1816
1617,1826
1617,1827
1617,1833
1617,1835
1617,1845
1617,1849
1617,1851
1617,1864
1617,1877
1617,1886
1617,1888
1618,1622
1618,1717
1618,1718
1618,1819
1618,1827
1618,1836
1618,1877
1619,1632
1619,1662
1619,1663
1619,1665
1619,1668
1619,1683
1619,1707
1619,1712
1619,1714
1619,1722
1619,1736
1619,1741
1619,1746
1619,1757
1619,1772
1619,1793
1619,1795
1619,1796
1619,1800
1619,1804
1619,1809
1619,1816
1619,1823
1619,1826
1619,1832
1619,1833
1619,1839
1619,1849
1619,1861
1619,1868
1619,1879
1619,1886
1619,1888
1619,1898
1620,1621
1620,1622
1620,1632
1620,1643
1620,1644
1620,1646
1620,1653
1620,1659
1620,1663
1620,1665
1620,1675
1620,1683
1620,1688
1620,1689
1620,1707
1620,1724
1620,1730
1620,1746
1620,1754
1620,1768
1620,1789
1620,1791
1620,1800
1620,1804
1620,1813
1620,1816
1620,1823
1620,1827
1620,1833
1620,1835
1620,1845
1620,1861
1620,1864
1620,1867
1620,1877
1620,1881
1620,1885
1620,1888
1620,1900
1621,1622
1621,1623
1621,1637
1621,1643
1621,1652
1621,1659
1621,1662
1621,1663
1621,1668
1621,1669
1621,1675
1621,1683
1621,1685
1621,1689
1621,1707
1621,1714
1621,1717
1621,1718
1621,1721
1621,1730
1621,1734
1621,1735
1621,1736
1621,1741
1621,1746
1621,1750
1621,1752
1621,1753
1621,1757
1621,1761
1621,1765
1621,1768
1621,1782
1621,1789
1621,1791
1621,1793
1621,1799
1621,1800
1621,1804
1621,1809
1621,1810
1621,1813
1621,1819
1621,1823
1621,1826
1621,1827
1621,1833
1621,1835
1621,1839
1621,1842
1621,1849
1621,1867
1621,1868
1621,1879
1621,1886
1621,1888
1621,1891
1621,1902
1622,1632
1622,1639
1622,1643
1622,1644
1622,1652
1622,1653
1622,1659
1622,1662
1622,1663
1622,1669
1622,1675
1622,1683
1622,1685
1622,1688
1622,1689
1622,1707
1622,1712
1622,1714
1622,1717
1622,1722
1622,1724
1622,1730
1622,1736
1622,1741
1622,1746
1622,1750
1622,1752
1622,1753
1622,1761
1622,1765
1622,1768
1622,1789
1622,1791
1622,1793
1622,1795
1622,1796
1622,1799
1622,1800
1622,1804
1622,1813
1622,1819
1622,1823
1622,1827
1622,1833
1622,1835
1622,1839
1622,1842
1622,1843
1622,1845
1622,1849
1622,1851
1622,1861
1622,1867
1622,1877
1622,1879
1622,1886
1622,1888
1622,1891
1622,1902
1623,1632
1623,1643
1623,1644
1623,1652
1623,1659
1623,1662
1623,1683
1623,1689
1623,1707
1623,1714
1623,1717
1623,1721
1623,1736
1623,1737
1623,1746
1623,1750
1623,1752
1623,1768
1623,1795
1623,1799
1623,1800
1623,1804
1623,1810
1623,1816
1623,1819
1623,1826
1623,1827
1623,1833
1623,1864
1623,1867
1623,1879
1623,1888
1623,1909
1626,1674
1626,1683
1626,1718
1626,1774
1626,1780
1626,1800
1626,1805
1626,1813
1626,1851
1626,1863
1626,1909
1632,1644
1632,1653
1632,1663
1632,1665
1632,1683
1632,1689
1632,1700
1632,1707
1632,1717
1632,1730
1632,1736
1632,1746
1632,1752
1632,1768
1632,1789
1632,1796
1632,1799
1632,1800
1632,1823
1632,1827
1632,1833
1632,1835
1632,1867
1632,1877
1632,1888
1637,1639
1637,1643
1637,1663
1637,1669
1637,1675
1637,1714
1637,1730
1637,1746
1637,1761
1637,1765
1637,1768
1637,1774
1637,1791
1637,1795
1637,1804
1637,1811
1637,1835
1637,1842
1637,1845
1637,1851
1637,1861
1637,1888
1639,1643
1639,1644
1639,1662
1639,1663
1639,1683
1639,1714
1639,1717
1639,1723
1639,1730
1639,1746
1639,1761
1639,1765
1639,1768
1639,1774
1639,1782
1639,1791
1639,1813
1639,1819
1639,1835
1639,1839
1639,1846
1639,1851
1639,1888
1639,1891
1639,1902
1643,1652
1643,1653
1643,1663
1643,1669
1643,1675
1643,1707
1643,1714
1643,1721
1643,1723
1643,1730
1643,1735
1643,1746
1643,1753
1643,1757
1643,1761
1643,1765
1643,1768
1643,1774
1643,1789
1643,1791
1643,1796
1643,1799
1643,1804
1643,1813
1643,1823
1643,1833
1643,1835
1643,1867
1643,1888
1644,1652
1644,1659
1644,1683
1644,1689
1644,1700
1644,1717
1644,1721
1644,1724
1644,1730
1644,1746
1644,1750
1644,1752
1644,1765
1644,1793
1644,1795
1644,1800
1644,1819
1644,1823
1644,1827
1644,1867
1646,1675
1646,1813
1646,1867
1646,1881
1646,1885
1651,1730
1651,1768
1652,1653
1652,1662
1652,1665
1652,1668
1652,1683
1652,1689
1652,1712
1652,1717
1652,1724
1652,1737
1652,1746
1652,1789
1652,1795
1652,1800
1652,1804
1652,1809
1652,1810
1652,1819
1652,1827
1652,1867
1652,1877
1652,1879
1652,1888
1653,1683
1653,1714
1653,1717
1653,1721
1653,1735
1653,1746
1653,1757
1653,1789
1653,1796
1653,1799
1653,1800
1653,1804
1653,1810
1653,1816
1653,1826
1653,1827
1653,1833
1653,1835
1653,1867
1653,1877
1653,1888
1656,1852
1659,1683
1659,1688
1659,1689
1659,1717
1659,1721
1659,1724
1659,1730
1659,1737
1659,1746
1659,1750
1659,1752
1659,1753
1659,1800
1659,1813
1659,1819
1659,1827
1659,1835
1659,1861
1659,1867
1659,1877
1659,1888
1659,1891
1662,1665
1662,1668
1662,1669
1662,1683
1662,1689
1662,1707
1662,1712
1662,1714
1662,1730
1662,1735
1662,1736
1662,1746
1662,1750
1662,1757
1662,1768
1662,1772
1662,1774
1662,1789
1662,1796
1662,1799
1662,1800
1662,1804
1662,1809
1662,1810
1662,1816
1662,1823
1662,1827
1662,1833
1662,1835
1662,1839
1662,1842
1662,1845
1662,1864
1662,1879
1662,1888
1662,1891
1663,1665
1663,1668
1663,1669
1663,1675
1663,1683
1663,1688
1663,1689
1663,1707
1663,1712
1663,1714
1663,1717
1663,1718
1663,1721
1663,1723
1663,1724
1663,1730
1663,1734
1663,1735
1663,1736
1663,1741
1663,1746
1663,1750
1663,1752
1663,1753
1663,1757
1663,1761
1663,1768
1663,1772
1663,1782
1663,1789
1663,1791
1663,1793
1663,1795
1663,1796
1663,1799
1663,1800
1663,1804
1663,1809
1663,1811
1663,1813
1663,1816
1663,1819
1663,1823
1663,1826
1663,1827
1663,1833
1663,1835
1663,1839
1663,1842
1663,1849
1663,1851
1663,1861
1663,1867
1663,1868
1663,1877
1663,1879
1663,1886
1663,1888
1663,1891
1663,1898
1663,1902
1663,1909
1665,1668
1665,1689
1665,1707
1665,1712
1665,1714
1665,1730
1665,1736
1665,1741
1665,1746
1665,1750
1665,1757
1665,1772
1665,1789
1665,1791
1665,1793
1665,1795
1665,1799
1665,1800
1665,1804
1665,1809
1665,1810
1665,1813
1665,1816
1665,1821
1665,1826
1665,1833
1665,1839
1665,1842
1665,1845
1665,1849
1665,1867
1665,1868
1665,1879
1665,1888
1665,1898
1665,1902
1668,1683
1668,1707
1668,1712
1668,1714
1668,1717
1668,1734
1668,1736
1668,1746
1668,1752
1668,1757
1668,1761
1668,1768
1668,1782
1668,1789
1668,1791
1668,1793
1668,1799
1668,1800
1668,1804
1668,1809
1668,1810
1668,1816
1668,1821
1668,1823
1668,1833
1668,1839
1668,1849
1668,1868
1668,1879
1668,1886
1668,1888
1668,1898
1668,1902
1669,1675
1669,1685
1669,1707
1669,1714
1669,1717
1669,1730
1669,1734
1669,1741
1669,1746
1669,1752
1669,1753
1669,1757
1669,1761
1669,1768
1669,1791
1669,1793
1669,1799
1669,1800
1669,1804
1669,1811
1669,1813
1669,1823
1669,1827
1669,1833
1669,1835
1669,1842
1669,1845
1669,1861
1669,1888
1669,1891
1669,1898
1669,1902
1674,1780
1674,1800
1674,1860
1674,1863
1675,1685
1675,1688
1675,1714
1675,1717
1675,1730
1675,1735
1675,1741
1675,1753
1675,1761
1675,1765
1675,1768
1675,1800
1675,1804
1675,1810
1675,1811
1675,1813
1675,1833
1675,1835
1675,1843
1675,1861
1675,1867
1675,1881
1675,1885
1675,1888
1675,1891
1675,1902
1683,1689
1683,1700
1683,1707
1683,1717
1683,1721
1683,1724
1683,1730
1683,1735
1683,1737
1683,1746
1683,1750
1683,1752
1683,1761
1683,1768
1683,1769
1683,1774
1683,1789
1683,1791
1683,1795
1683,1799
1683,1800
1683,1804
1683,1813
1683,1819
1683,1821
1683,1823
1683,1827
1683,1833
1683,1835
1683,1836
1683,1839
1683,1849
1683,1867
1683,1877
1683,1881
1683,1888
1683,1891
1685,1707
1685,1722
1685,1730
1685,1734
1685,1736
1685,1741
1685,1746
1685,1753
1685,1768
1685,1771
1685,1775
1685,1799
1685,1800
1685,1804
1685,1809
1685,1813
1685,1833
1685,1835
1685,1839
1685,1845
1685,1861
1685,1879
1685,1888
1685,1902
1688,1689
1688,1710
1688,1721
1688,1724
1688,1730
1688,1737
1688,1745
1688,1746
1688,1750
1688,1752
1688,1754
1688,1768
1688,1771
1688,1791
1688,1795
1688,1800
1688,1804
1688,1811
1688,1813
1688,1816
1688,1827
1688,1845
1688,1861
1688,1864
1688,1867
1688,1877
1688,1881
1688,1885
1689,1707
1689,1714
1689,1717
1689,1721
1689,1724
1689,1730
1689,1735
1689,1736
1689,1737
1689,1746
1689,1750
1689,1752
1689,1753
1689,1789
1689,1793
1689,1795
1689,1796
1689,1799
1689,1800
1689,1809
1689,1813
1689,1816
1689,1819
1689,1826
1689,1827
1689,1833
1689,1835
1689,1842
1689,1849
1689,1864
1689,1867
1689,1877
1689,1879
1689,1888
1689,1891
1689,1902
1700,1707
1700,1827
1707,1712
1707,1714
1707,1717
1707,1721
1707,1722
1707,1730
1707,1735
1707,1736
1707,1737
1707,1741
1707,1746
1707,1750
1707,1752
1707,1754
1707,1757
1707,1761
1707,1768
1707,1772
1707,1789
1707,1791
1707,1793
1707,1796
1707,1799
1707,1800
1707,1804
1707,1809
1707,1810
1707,1816
1707,1823
1707,1826
1707,1827
1707,1833
1707,1839
1707,1842
1707,1845
1707,1849
1707,1864
1707,1868
1707,1879
1707,1886
1707,1888
1707,1902
1710,1730
1710,1771
1710,1827
1710,1861
1710,1900
1712,1714
1712,1717
1712,1736
1712,1746
1712,1757
1712,1761
1712,1789
1712,1791
1712,1793
1712,1796
1712,1800
1712,1804
1712,1809
1712,1816
1712,1823
1712,1832
1712,1833
1712,1839
1712,1846
1712,1849
1712,1863
1712,1868
1712,1879
1712,1888
1712,1898
1714,1717
1714,1721
1714,1722
1714,1723
1714,1730
1714,1735
1714,1736
1714,1737
1714,1741
1714,1746
1714,1750
1714,1752
1714,1757
1714,1761
1714,1768
1714,1769
1714,1789
1714,1791
1714,1793
1714,1795
1714,1796
1714,1799
1714,1800
1714,1804
1714,1809
1714,1810
1714,1816
1714,1821
1714,1823
1714,1826
1714,1827
1714,1833
1714,1835
1714,1839
1714,1846
1714,1849
1714,1864
1714,1867
1714,1868
1714,1879
1714,1886
1714,1888
1714,1902
1717,1721
1717,1723
1717,1724
1717,1730
1717,1736
1717,1737
1717,1746
1717,1750
1717,1752
1717,1757
1717,1768
1717,1789
1717,1795
1717,1799
1717,1800
1717,1804
1717,1811
1717,1816
1717,1819
1717,1826
1717,1827
1717,1835
1717,1861
1717,1867
1717,1868
1717,1877
1717,1888
1717,1891
1717,1898
1718,1769
1718,1780
1718,1782
1718,1835
1718,1836
1718,1846
1718,1852
1718,1863
1718,1909
1721,1724
1721,1730
1721,1736
1721,1741
1721,1746
1721,1750
1721,1752
1721,1791
1721,1795
1721,1796
1721,1799
1721,1800
1721,1804
1721,1813
1721,1816
1721,1819
1721,1827
1721,1833
1721,1835
1721,1849
1721,1867
1721,1879
1721,1888
1721,1902
1722,1730
1722,1741
1722,1754
1722,1768
1722,1805
1722,1826
1722,1864
1722,1868
1722,1909
1723,1730
1723,1736
1723,1746
1723,1754
1723,1768
1723,1791
1723,1793
1723,1800
1723,1804
1723,1809
1723,1813
1723,1827
1723,1839
1723,1842
1723,1864
1723,1868
1723,1888
1723,1898
1724,1737
1724,1752
1724,1771
1724,1795
1724,1800
1724,1816
1724,1827
1724,1861
1724,1867
1724,1877
1730,1736
1730,1737
1730,1741
1730,1746
1730,1750
1730,1753
1730,1754
1730,1757
1730,1761
1730,1765
1730,1768
1730,1771
1730,1774
1730,1775
1730,1791
1730,1793
1730,1799
1730,1800
1730,1804
1730,1810
1730,1811
1730,1813
1730,1816
1730,1819
1730,1823
1730,1826
1730,1827
1730,1833
1730,1835
1730,1839
1730,1842
1730,1845
1730,1849
1730,1861
1730,1864
1730,1867
1730,1868
1730,1879
1730,1886
1730,1888
1730,1891
1730,1898
1730,1902
1734,1741
1734,1746
1734,1761
1734,1768
1734,1775
1734,1800
1734,1804
1734,1833
1734,1845
1734,1861
1734,1888
1734,1902
1735,1736
1735,1746
1735,1750
1735,1752
1735,1753
1735,1757
1735,1761
1735,1768
1735,1769
1735,1774
1735,1799
1735,1800
1735,1804
1735,1810
1735,1823
1735,1827
1735,1833
1735,1835
1735,1836
1735,1839
1735,1845
1735,1849
1735,1851
1735,1867
1735,1877
1735,1886
1735,1888
1736,1746
1736,1750
1736,1754
1736,1757
1736,1768
1736,1772
1736,1789
1736,1791
1736,1793
1736,1799
1736,1800
1736,1804
1736,1809
1736,1810
1736,1816
1736,1819
1736,1823
1736,1827
1736,1833
1736,1839
1736,1842
1736,1845
1736,1849
1736,1864
1736,1879
1736,1888
1736,1900
1736,1902
1737,1741
1737,1746
1737,1750
1737,1752
1737,1757
1737,1789
1737,1796
1737,1799
1737,1800
1737,1810
1737,1816
1737,1819
1737,1827
1737,1833
1737,1877
1737,1879
1737,1888
1741,1746
1741,1782
1741,1800
1741,1809
1741,1816
1741,1823
1741,1826
1741,1827
1741,1833
1741,1861
1741,1867
1741,1868
1741,1879
1741,1886
1741,1888
1741,1898
1746,1750
1746,1752
1746,1757
1746,1761
1746,1768
1746,1780
1746,1789
1746,1793
1746,1795
1746,1796
1746,1799
1746,1800
1746,1804
1746,1809
1746,1810
1746,1813
1746,1816
1746,1819
1746,1823
1746,1826
1746,1827
1746,1833
1746,1835
1746,1839
1746,1849
1746,1867
1746,1868
1746,1877
1746,1879
1746,1886
1746,1888
1746,1891
1746,1898
1746,1902
1750,1752
1750,1761
1750,1771
1750,1789
1750,1791
1750,1793
1750,1795
1750,1799
1750,1800
1750,1819
1750,1823
1750,1827
1750,1833
1750,1835
1750,1849
1750,1867
1750,1879
1750,1888
1750,1902
1752,1757
1752,1795
1752,1796
1752,1799
1752,1800
1752,1804
1752,1819
1752,1827
1752,1833
1752,1835
1752,1861
1752,1867
1752,1868
1752,1886
1752,1888
1752,1891
1753,1761
1753,1768
1753,1769
1753,1799
1753,1800
1753,1804
1753,1827
1753,1833
1753,1835
1753,1845
1753,1861
1753,1864
1753,1886
1753,1888
1753,1891
1754,1800
1754,1819
1754,1845
1754,1864
1754,1879
1757,1761
1757,1768
1757,1782
1757,1791
1757,1793
1757,1799
1757,1800
1757,1804
1757,1809
1757,1810
1757,1816
1757,1827
1757,1833
1757,1835
1757,1868
1757,1879
1757,1886
1757,1888
1757,1898
1761,1765
1761,1768
1761,1791
1761,1799
1761,1800
1761,1804
1761,1810
1761,1823
1761,1827
1761,1833
1761,1835
1761,1843
1761,1864
1761,1867
1761,1868
1761,1885
1761,1888
1765,1768
1765,1782
1765,1791
1765,1810
1765,1813
1765,1819
1765,1835
1765,1842
1765,1846
1765,1851
1768,1772
1768,1774
1768,1791
1768,1793
1768,1795
1768,1799
1768,1800
1768,1804
1768,1809
1768,1811
1768,1813
1768,1823
1768,1827
1768,1833
1768,1835
1768,1842
1768,1845
1768,1849
1768,1860
1768,1861
1768,1863
1768,1864
1768,1868
1768,1879
1768,1888
1768,1891
1768,1898
1768,1900
1768,1902
1768,1909
1769,1774
1769,1799
1769,1836
1769,1845
1771,1800
1771,1827
1771,1867
1772,1791
1772,1793
1772,1804
1772,1842
1772,1849
1772,1861
1772,1868
1772,1879
1772,1888
1772,1898
1772,1902
1774,1799
1774,1835
1774,1836
1774,1845
1774,1851
1774,1879
1774,1886
1775,1845
1780,1800
1780,1909
1782,1799
1782,1800
1782,1804
1782,1826
1782,1833
1782,1835
1782,1842
1782,1851
1782,1886
1782,1888
1782,1909
1789,1796
1789,1799
1789,1800
1789,1804
1789,1810
1789,1819
1789,1827
1789,1833
1789,1861
1789,1867
1789,1877
1789,1879
1789,1888
1791,1793
1791,1800
1791,1804
1791,1813
1791,1823
1791,1826
1791,1827
1791,1833
1791,1835
1791,1839
1791,1842
1791,1849
1791,1851
1791,1861
1791,1864
1791,1868
1791,1888
1791,1898
1791,1902
1793,1796
1793,1800
1793,1804
1793,1809
1793,1810
1793,1816
1793,1823
1793,1827
1793,1833
1793,1835
1793,1839
1793,1842
1793,1845
1793,1864
1793,1867
1793,1868
1793,1879
1793,1888
1795,1799
1795,1800
1795,1819
1795,1827
1795,1833
1795,1835
1795,1839
1795,1861
1795,1867
1795,1877
1795,1891
1796,1799
1796,1800
1796,1804
1796,1813
1796,1827
1796,1833
1796,1849
1796,1867
1796,1888
1796,1902
1799,1800
1799,1804
1799,1810
1799,1813
1799,1816
1799,1819
1799,1823
1799,1826
1799,1827
1799,1833
1799,1835
1799,1836
1799,1839
1799,1845
1799,1849
1799,1867
1799,1877
1799,1879
1799,1886
1799,1888
1800,1804
1800,1809
1800,1810
1800,1811
1800,1813
1800,1816
1800,1819
1800,1823
1800,1826
1800,1827
1800,1833
1800,1835
1800,1836
1800,1839
1800,1842
1800,1843
1800,1845
1800,1849
1800,1864
1800,1867
1800,1868
1800,1877
1800,1879
1800,1881
1800,1886
1800,1888
1800,1891
1800,1898
1800,1902
1804,1809
1804,1811
1804,1813
1804,1816
1804,1823
1804,1827
1804,1833
1804,1835
1804,1839
1804,1842
1804,1849
1804,1861
1804,1863
1804,1868
1804,1879
1804,1886
1804,1888
1804,1898
1804,1902
1805,1813
1805,1852
1809,1810
1809,1813
1809,1816
1809,1826
1809,1832
1809,1833
1809,1839
1809,1868
1809,1879
1809,1886
1809,1888
1809,1898
1809,1900
1810,1816
1810,1823
1810,1826
1810,1827
1810,1833
1810,1839
1810,1845
1810,1868
1810,1877
1810,1879
1810,1888
1811,1813
1811,1835
1811,1839
1811,1842
1811,1861
1811,1888
1811,1902
1813,1826
1813,1827
1813,1833
1813,1835
1813,1839
1813,1842
1813,1845
1813,1861
1813,1864
1813,1867
1813,1868
1813,1879
1813,1885
1813,1888
1813,1891
1813,1898
1816,1826
1816,1827
1816,1835
1816,1839
1816,1864
1816,1867
1816,1868
1816,1886
1816,1888
1816,1898
1816,1902
1819,1827
1819,1833
1819,1835
1819,1846
1819,1867
1819,1877
1819,1888
1821,1839
1821,1888
1823,1826
1823,1827
1823,1833
1823,1835
1823,1839
1823,1849
1823,1879
1823,1886
1823,1888
1823,1902
1826,1839
1826,1842
1826,1868
1826,1879
1826,1888
1827,1833
1827,1835
1827,1839
1827,1843
1827,1845
1827,1849
1827,1861
1827,1864
1827,1867
1827,1877
1827,1879
1827,1886
1827,1888
1827,1891
1827,1902
1832,1839
1832,1868
1832,1886
1832,1888
1832,1898
1833,1835
1833,1839
1833,1842
1833,1849
1833,1867
1833,1879
1833,1886
1833,1888
1833,1902
1835,1839
1835,1842
1835,1845
1835,1851
1835,1861
1835,1864
1835,1867
1835,1888
1835,1891
1835,1902
1836,1852
1839,1842
1839,1845
1839,1849
1839,1864
1839,1879
1839,1886
1839,1888
1839,1898
1839,1902
1839,1909
1842,1843
1842,1849
1842,1861
1842,1864
1842,1868
1842,1879
1842,1888
1842,1902
1843,1845
1845,1864
1845,1902
1846,1851
1849,1864
1849,1879
1849,1888
1852,1863
1861,1888
1861,1891
1861,1902
1863,1879
1863,1888
1863,1909
1864,1879
1864,1888
1864,1902
1867,1877
1867,1881
1867,1885
1867,1886
1867,1888
1868,1888
1868,1898
1868,1900
1868,1902
1874,1888
1877,1888
1879,1888
1879,1898
1879,1902
1881,1885
1886,1888
1888,1891
1888,1898
1888,1902
1898,1902
